1 1
1000000 1000000
131149 322412
35991 968566
86055 933234
328115 443148
407417 736779
357594 743003
98747 623482
439643 209401
256072 261421
441711 924800
135703 340270
94207 365943
232208 378410
107095 879716
274491 819651
36647 937771
131866 95161
434278 915172
452406 236980
192911 27840
133192 378224
144485 412982
457587 568732
380457 587342
165246 582412
417556 290496
241808 179717
499425 62094
353910 639705
251846 394685
496493 580630
2935 750440
176799 71253
125301 952443
428587 475618
460548 170803
7071 993411
293357 559566
211595 390520
498262 970892
399313 412331
223790 997235
163418 791799
198494 504029
179056 491903
411359 942723
329673 196294
104316 530425
251928 14943
159958 249057
25894 396179
301730 651736
101618 190841
465782 241938
103219 137063
79034 238399
356179 165692
174413 936844
407972 826522
124910 891321
118561 149215
225127 149540
9326 346510
404787 766204
340357 829098
74637 434146
175616 360692
372404 735295
3308 395424
247683 956262
402083 663865
480142 485521
475893 279158
51352 71987
3882 52069
88480 59986
210512 748399
435196 948426
382460 241393
483508 627389
421744 714423
410480 881243
8420 633812
144893 932698
430073 122583
287474 166734
365 303053
394082 93994
175043 231594
369386 64442
360364 763082
412360 963069
289684 603572
335869 938140
194857 643576
393148 498956
222724 366607
58293 935736
127752 9091
233717 630021
180119 1120
32588 556185
210389 717318
272132 719861
242634 313799
286365 303427
89158 336918
5410 965210
362013 552477
132226 37550
443172 989935
149358 300868
176532 991521
360625 740023
178207 867392
215985 534358
224454 518919
39274 26064
349183 394174
10905 811639
381745 79424
130451 911850
167322 709070
284204 212195
415109 408012
404844 861663
287016 2664
408064 761642
191627 87891
57004 915729
124436 436599
155284 436193
117319 593366
440823 585796
33147 606171
229698 620695
70892 106258
348410 668205
36872 587173
53365 405688
430494 769935
122834 640593
466301 569628
201783 208458
319216 416260
24135 464887
264559 198620
385821 181956
174197 182070
97550 717871
366920 160038
430156 680372
9679 981234
302094 372606
335106 433232
221387 114936
269920 344931
381166 641260
399372 599621
268492 156319
287747 365703
482848 679403
240296 401269
279023 405258
163158 95225
63870 292601
121197 307057
126126 947667
295765 781163
281966 817012
141646 777727
434062 621481
456755 308592
60016 442306
334512 308208
150388 39028
304196 333416
96335 492045
179106 84426
241345 112372
413777 538926
330610 910935
404364 617122
388109 514058
282105 464142
364279 217216
206915 424703
233742 614363
141701 547333
188039 483077
135266 19295
359053 235664
72447 584902
225843 512482
8920 496249
174725 555689
136749 389935
222975 367917
326534 855501
391346 443829
129221 442671
274102 992204
384261 221869
217716 947720
324722 571691
281116 454310
384254 976922
252991 755277
443346 49295
111447 624327
454565 749480
246341 984949
116428 269734
246874 16091
351785 248689
310826 9453
344390 549687
96226 24781
46660 589339
153341 194272
335521 104522
16357 744284
148119 475295
335313 968573
287236 531437
73125 571297
336470 527627
404350 558824
168777 296292
404603 219019
465584 304989
432515 237794
152395 604049
361193 126757
221407 76496
22410 947360
189377 720853
87423 314667
415953 635967
425636 382456
410442 252613
3164 36662
15077 672120
128966 667411
469417 759341
155470 963650
324206 492818
449186 959862
377993 725999
282068 901737
286002 272281
47029 736714
133595 824009
236336 661380
155428 736956
213432 655295
338225 862290
487907 150548
272108 523583
25251 252802
99061 804081
433560 902015
387629 791848
282618 357234
20181 582783
327385 615796
343319 956158
325087 253792
447855 131394
94669 889369
218682 513788
447973 192826
284350 617762
192533 850037
488510 496529
254534 714125
387107 27178
174068 578470
477213 131773
491279 582520
15260 886890
274459 152681
260195 242209
124939 402123
299908 402206
450459 433970
42619 325295
457136 631195
70853 207750
229910 453972
428884 227831
439818 720349
397908 761935
351911 25932
422377 453585
98523 989775
61054 739821
240156 810399
20308 633890
427736 320888
478918 325916
358029 796355
357946 593668
421529 428791
385521 790125
488110 662833
183287 89052
89640 178427
363192 310807
180597 804776
174568 795877
459664 395072
170521 633214
6786 313146
3670 608590
317697 457676
20658 622029
119285 595960
186489 60956
43172 165345
196826 832583
218009 288915
198200 551736
51696 422815
310407 625883
190455 539075
237777 822471
125681 814706
471327 923228
431060 653993
3104 595005
326804 999940
133936 189475
112362 171245
57926 516463
139998 197882
136999 432855
486879 598928
334037 803260
214033 879615
89349 42689
328531 484012
99559 186146
109003 205621
339125 943244
46464 138520
216452 409940
29967 392483
439226 319157
451538 17474
418718 446641
285757 586544
489552 638102
156372 562006
313085 739734
108448 16135
136632 302289
447039 82778
358492 629982
499827 603198
339229 380929
240009 699305
261383 607630
440237 240709
497780 860087
325997 908682
462492 323994
70269 906860
77858 268611
158551 25744
496584 659414
478093 371510
101886 579446
276471 559199
76862 936907
94818 597914
329758 785426
132828 385436
72857 903152
448660 318727
406038 441147
470022 853471
373884 911589
80554 954833
176192 889384
398485 144464
32654 154854
420668 839299
250400 701232
263922 335367
50669 513601
461290 245576
249115 125695
64710 782367
30888 348339
148948 580992
438068 393382
470990 250493
390312 341619
214228 180115
376904 74254
173548 934716
253824 280914
493476 22760
95039 262909
194448 687411
408313 263485
228869 493649
304646 142542
103300 333170
111952 676252
184860 55732
278911 670298
469619 171222
406174 217053
418382 967816
405673 176036
462526 252720
307021 324930
169604 193471
428306 303210
353153 457026
88736 903298
69560 277996
70972 724260
70373 773938
159666 623445
59210 503810
457440 946020
444149 112577
65740 752113
244741 102663
206408 264507
243594 605347
429496 280783
308864 471829
377088 406054
209332 975246
469005 665538
473635 962551
453895 696807
191436 807213
272071 790287
394026 825621
331258 516391
208364 314233
386063 366700
386617 623598
142724 612897
436648 452234
411148 381136
39334 965180
278362 232762
182800 761854
224724 795196
342074 239393
288062 588693
257128 152422
439189 378579
216818 611844
21538 569166
346358 809142
131565 331338
495628 385816
228258 988345
81776 519055
100473 939128
222698 138127
155073 653877
39912 91046
32938 64416
430426 265419
29157 943613
419654 576692
4717 599845
465433 87142
345945 890054
232027 847773
389299 681792
177920 923072
452198 732558
111214 214485
115295 970947
222065 871097
31391 356625
149962 122669
387202 796765
246515 282214
272109 320214
5847 67226
411595 692930
323162 920325
456374 782612
339235 134208
299807 789475
466886 435365
372516 161970
278922 576676
438940 966172
71274 874563
52616 590799
372502 615287
223611 285447
277776 52045
219766 582520
355919 273963
227785 500639
312175 547488
470412 504892
57369 851677
405353 184851
434249 886785
86639 573131
229365 294961
114745 44030
434373 711801
113677 323921
158149 318142
458905 327578
302929 555760
122245 231983
319038 753187
238461 159159
189216 382948
379041 185199
165397 460242
491245 100173
324300 44049
332004 743623
180415 294061
79086 31139
336143 96576
1053 311961
291642 556157
435628 747151
292606 843185
250311 492919
187088 132983
465968 544172
93921 860765
125841 819762
172695 740648
271432 528486
292306 66305
9086 328373
381694 865791
131257 471671
62654 866604
159107 439015
238008 818744
352925 147506
12492 653785
52987 455381
199325 309811
174552 896405
11930 437290
131631 804456
408945 684383
143960 149292
176339 886240
146606 239748
84268 116252
54906 460981
34759 275357
94054 931135
438364 571566
104161 308450
76239 669290
429586 536372
402421 676817
433164 44493
400900 106663
257674 961426
408650 735001
280018 33518
446446 96337
305329 600206
40702 942685
248967 983730
423918 42705
17138 817901
61379 852033
476600 139620
351023 675523
497501 874459
410656 604676
477044 162952
248169 511393
312510 240452
290327 970859
239444 105253
492611 79059
208486 248179
258322 538663
122531 234691
197967 747463
448933 618187
498970 685736
449141 331504
170201 416079
294007 921857
162463 885773
72384 678494
311145 215834
454377 184180
46669 258243
438928 468426
251957 532831
458591 707747
214143 505046
139304 304048
131493 675436
142171 391949
475067 826324
122109 827805
125644 231454
141117 440874
418568 869238
342648 87214
414354 356094
420133 720266
264817 318729
240255 920353
149074 668714
216248 404195
310614 319205
449331 96547
64188 340518
163148 481367
150084 983205
208094 896383
449196 582958
322223 690481
319562 64394
497809 299579
287489 269763
210396 443595
372194 941031
214258 604821
444331 837864
382440 447881
127617 24816
176404 346870
346197 291590
247052 196197
79247 95442
462678 714865
73383 709517
34164 742470
77782 37549
291533 881001
318951 516271
262413 148763
203771 193486
423028 452313
91907 512074
381941 805158
362415 865781
357275 465318
364277 132166
14788 649915
338072 998875
113622 458308
426956 593243
478620 125056
212110 67747
60357 673081
181294 236355
52835 48764
473835 899633
38229 531952
355539 639287
128061 284093
307458 665388
305856 224672
467071 966023
491971 343720
430652 729819
484062 584179
92514 623064
394023 742607
265532 255831
158111 9967
87535 142839
272750 671295
388898 334285
364273 512221
125566 203803
205632 983881
187780 576560
472730 628144
110203 976919
154332 863582
6592 570366
331815 474628
334072 792582
67315 316431
279347 667372
18340 474412
74149 954786
322322 878420
129217 410408
15171 548628
44097 207879
237568 785630
427376 71689
261876 202351
383534 634540
181210 233247
55208 674064
481115 502338
202972 416921
499955 118724
420213 650084
162210 58189
415425 264653
322964 712736
326205 820820
414372 174162
131481 291448
277716 305112
209642 491733
492552 350123
444815 956251
324984 467323
243857 369301
97012 134230
191233 777271
328399 623762
208252 755314
145632 818480
65720 209900
285600 310911
496584 650336
433543 735685
98149 329235
309180 739354
438532 785753
21271 662055
46065 825177
360408 391089
479134 744347
270770 933728
115182 407251
254979 823600
481441 676873
294713 815125
247914 897520
122593 336404
488926 954597
97653 430208
306130 903061
248243 152369
80630 19175
61640 100447
160135 325085
250732 156254
21323 205957
316771 189021
385571 409472
148224 865056
200754 586962
158105 223914
281453 856578
176341 631200
185287 292922
100694 134161
88939 622894
388173 370401
465328 325293
383168 723331
279054 8378
355201 517050
269202 806763
85976 521108
374808 999309
370447 751930
485780 400035
306928 824704
236048 765698
348984 62591
46234 992292
401298 203097
464362 589222
68940 778373
381013 282798
172517 109859
72008 280256
435148 123343
203394 237545
479278 473944
403953 603859
221131 193274
78651 917176
277439 609302
201085 181745
72238 301329
445850 658663
44705 537571
267619 133467
312762 495682
48950 529515
102900 266552
79075 187715
61748 26267
357566 802373
42591 694089
318677 834095
74214 403516
398806 640822
311618 209507
27083 74035
208771 778800
367407 362559
310017 785349
383835 204745
63494 112688
300101 607054
323341 835
131562 452813
393177 697773
379358 112619
77747 307551
374694 405806
91788 621110
46313 773125
247139 70026
95817 148492
69354 204212
288086 23959
54617 399965
345601 97539
385960 728616
143631 713454
281776 662063
131821 421829
270758 620894
489764 948620
219263 475056
37615 851674
346207 839084
201874 198073
263486 215858
249954 595774
373675 915637
361636 460112
430593 77563
470056 899760
495206 618488
276473 707140
190891 593229
53868 696915
46204 318060
97561 592458
478932 663529
137974 372485
246841 947341
329656 269064
318461 854021
55735 974967
155729 825327
226569 311211
192140 981606
478639 397490
370321 766404
442701 465402
415281 845429
122995 924141
72411 976169
384855 82212
147303 659548
398878 342049
275244 946223
271767 550182
242188 551303
100203 231757
4286 558817
83707 26330
178718 719269
476517 959302
288376 922719
306354 752573
431880 36031
223459 152162
423351 393273
7964 605702
278712 495774
397126 783668
209754 731507
350091 374749
48907 545719
457515 746077
436688 251685
189466 335912
56780 581983
138420 390863
93307 668025
399506 620373
494052 803327
348082 37450
473404 347381
426597 389524
132004 312264
306988 977166
98576 966678
412609 638405
77089 340290
452448 819682
199509 91885
398059 931402
297911 723440
476813 543326
95351 751000
198241 239132
242721 169915
24029 79933
89851 112193
342074 187471
166374 758996
92744 401317
27729 678297
244448 413138
34404 149136
296931 937958
37208 313682
54429 909011
254635 370176
499396 649169
476940 923160
58706 688960
308928 640812
80821 517238
246121 793601
352416 502739
315523 188203
497565 58706
363175 396558
273544 554108
449433 328002
223112 136064
336724 167854
440031 410107
156975 677492
15528 344957
401972 637456
496373 532947
137320 541333
397801 469733
301946 170177
29064 460340
242010 314052
72132 822338
350626 173710
109940 243314
240503 935447
323921 801146
129917 591675
193161 723188
199764 100832
83485 840062
23665 554377
265474 280827
350947 664580
97941 765406
186121 5736
330768 789550
445426 479389
222291 663051
466637 808387
325281 225730
351278 493674
458644 52005
417121 434633
276246 337094
289564 655441
155382 737381
244311 488425
379204 4777
408229 223388
185160 861779
141179 754981
277764 407615
281551 23656
312278 606727
66798 712765
158737 43116
426507 610477
81221 601402
24845 29113
256123 974370
17137 160694
78863 954961
95502 213603
360940 756366
433300 68672
316476 717329
365532 615403
336111 982210
7678 949711
253695 110265
455224 348075
386316 616106
437784 145616
290642 69102
425548 382067
2054 755736
118351 934535
406270 29057
210491 390368
449532 677339
258039 593429
316891 20411
6827 305766
469664 257289
248474 513998
208607 864761
172850 55879
42196 480445
313986 947425
375291 308739
497016 336783
67843 106080
8185 735809