490630	75355
335899	780119
943075	84447
623389	802723
666681	413036
834875	534464
707446	295442
801588	152666
988806	981253
918958	915648
748274	571739
895559	284267
157900	725803
780971	375903
867830	438845
332669	888346
861672	786428
572038	85183
193045	994343
200954	169608
884565	447659
402883	390202
513744	283561
436231	520066
784638	26248
342747	929787
689777	316923
40042	335106
703811	167836
44833	441693
818472	326607
82328	132351
127873	275519
877178	546041
103807	110180
492733	383461
662667	42970
687871	40545
618709	558868
894454	719065
142859	314769
583510	492662
401887	718111
984532	416933
639688	746598
349809	163846
580606	978063
214509	333586
184109	987955
393269	551039
460808	241689
775331	689473
271743	360055
332806	80579
775980	168124
140431	367886
466024	251556
620248	739660
536185	838940
670873	637761
665961	704782
818617	680513
168662	444980
36481	460525
854921	915089
417079	82460
891387	841427
456857	791147
396830	616037
311495	806996
511022	68741
16180	533544
196211	573020
329461	631062
86637	187145
555713	60502
288455	658012
428747	93655
150632	22297
897909	458268
676735	228086
448048	240937
428253	669816
406024	905970
481972	780361
538947	805004
247101	856316
133160	850015
722253	106027
657992	601458
78062	504596
64608	883632
288115	416127
747809	180956
899049	100656
207448	491708
930093	161715
486139	19870
322958	710183
531255	71073
324945	521083
731714	785242
681258	742173
13875	886398
536956	776694
45885	459160
504617	807336
296122	871854
440730	54474
918890	357738
91960	268947
699351	438691
921875	148133
579687	329836
109378	333797
609780	698895
921985	401164
518251	670694
410291	780902
483477	765080
644332	869171
99232	535615
518266	675620
975926	36761
486665	235195
895898	888875
463902	666844
950070	633184
517530	200681
623256	273007
917186	714910
366739	382851
562515	324751
799263	933604
806724	347896
311365	29898
216822	534434
513028	84820
867260	793957
660904	567501
350581	778519
928922	350710
806884	587346
144854	858439
923299	547670
405484	667560
35331	495794
804285	952989
173869	233473
358056	182388
144790	866895
102790	764307
502526	549074
244021	932740
584615	741145
193254	11443
611168	484047
299576	342962
221358	329315
94351	590152
718445	516166
906941	822096
725514	701785
780683	781662
916022	52727
720894	998551
976405	787517
440452	959540
982425	324084
933562	376713
926586	30313
404585	704837
220867	202043
306358	450647
617197	300016
501215	489634
137476	665785
847974	560049
285664	906316
839415	339185
26315	887967
267343	23597
757146	812807
276104	132775
777612	163649
580460	334873
561143	398957
70025	453481
475599	154723
499994	455990
464673	367652
476701	146971
602375	172482
486566	494104
363413	645957
288278	999505
914179	470994
590628	295949
722223	376766
572155	195296
306514	773937
463832	745559
6452	348986
112317	463386
234491	507546
168795	800335
795433	463911
307270	74188
504822	462334
666179	550608
519576	85460
528488	95861
505867	856245
107984	837855
12462	371899
193268	570660
192125	21886
315952	216731
319346	936750
55923	521435
389600	190498
74005	296067
453474	436498
471190	948414
238428	95335
113615	743987
41626	932789
633779	226449
839175	367081
921005	492310
50278	126747
47966	562860
419225	943992
745108	925384
33805	813090
731127	426053
585645	969388
435158	88519
596123	151676
905136	105047
480952	899182
986858	201158
7170	604167
179508	810088
908173	792077
925998	9965
165651	633431
480228	974490
741612	5100
908447	766960
349433	513369
228135	667869
189728	767130
165421	867888
445008	846807
520794	280916
726537	353067
672933	435944
597425	639111
321756	891881
757930	831311
174332	386043
472104	25188
911098	974905
339326	607195
434833	754766
569931	997518
101174	360377
511064	235037
356954	331152
287040	732889
971463	607447
67928	221462
835756	873487
660697	365472
126424	198881
829238	792653
482793	447254
992681	303910
730278	218392
725879	848186
597695	669384
791578	440067
822600	420604
270706	574109
16257	893979
725389	847094
668652	853825
228706	437912
713980	624663
525856	814472
148344	445757
553342	538053
293934	688707
35918	317688
437735	212327
905476	530699
737877	958087
841704	270193
486992	999775
321273	606320
49522	652647
180456	155313
48687	920160
845509	238820
668855	510497
65812	885749
260371	890451
196666	679833
786423	360822
821828	988343
35304	935344
780244	420863
936495	884254
467167	461751
765259	163970
616675	95909
497985	595953
640854	904686
89308	580651
262	547240
982073	336574
10992	762388
732493	139852
955539	26971
235403	806253
357868	788972
668284	705497
807463	757103
937783	926781
772834	73318
108741	824798
431841	320669
23279	67129
664383	226149
76276	476748
2403	606664
903624	417457
512818	575967
560926	205450
300920	281397
622834	46790
564924	471484
517043	298424
906784	8926
321946	429500
910051	38231
203307	920051
832443	893235
642782	475756
629007	986970
619967	360318
421106	864812
949645	351096
957182	321591
47218	809009
573128	984276
497852	620282
653283	44139
938620	315512
617464	885711
928016	500587
15123	204625
673461	844376
394626	832375
714973	259679
233831	893285
921982	586808
367514	107420
450270	43250
27921	22935
627354	938225
826564	712298
87115	667549
748610	999087
858324	802059
505587	595499
526697	161981
397791	625474
36440	129936
174732	884277
174781	96920
250074	842643
291741	858410
26961	842029
347488	981891
20299	147281
950850	652392
924443	523972
655159	269292
767927	789909
411341	115442
821291	353779
743219	748796
979708	98627
906318	377074
929029	93839
18935	367590
522051	526542
913091	217226
441197	931776
242986	761626
404477	270557
209861	138067
883516	655907
114748	33014
545584	559154
834326	43278
405999	142282
230193	558734
982915	956850
448107	434974
583434	625958
41319	865809
218147	282967
860902	288427
540621	479180
696007	858109
638994	992376
718282	14732
468799	469110
887223	929928
209243	115878
607016	171586
849640	717764
90458	751502
868318	107865
81857	832333
953242	836817
818323	761613
331793	198930
367673	773425
426501	959934
771200	652452
234243	101077
740845	890460
38299	645266
12858	381873
805848	163185
843821	502957
897880	870800
549933	498223
524163	324386
436759	458017
712853	595181
944191	812874
432442	463010
340130	193029
903206	606692
836470	705643
65944	988761
572225	167578
637740	633036
511208	598230
177608	775764
935435	324714
109344	934572
880471	380852
704517	784161
555248	491731
615498	853675
516378	827209
666549	967893
125831	880616
260426	42860
610830	282958
938626	316332
866140	98333
345290	344338
991463	162834
87966	127430
440429	327076
762846	543657
572711	41591
717738	860011
347100	584676
962964	470085
870896	373899
8542	162905
529764	225290
305406	166383
462254	128375
399100	928537
214453	90551
866288	100641
512798	870888
597581	468659
226860	971324
14618	642816
758925	82299
364959	159868
293540	290222
325323	278636
567670	745799
761805	156561
80952	165048
645167	283536
955528	488991
799936	19002
976272	263308
377969	829254
694726	815878
690305	354135
863866	107963
305528	745782
885874	213910
128557	816812
401337	744566
510656	411291
625889	171254
309650	69094
549052	929945
218736	492710
650100	389431
612940	545274
357056	252588
624194	509613
77446	726486
149154	120279
263273	844888
18315	444055
637657	655845
610636	29115
406909	597397
784783	869031
9352	276012
116294	635002
710957	35257
79369	318206
147935	156264
992632	893858
737709	266952
260172	869570
732199	553506
682291	612797
571193	665546
384813	165682
108565	785429
221500	850278
230427	192560
340985	343152
361830	795141
977838	55581
367399	524643
426781	594018
391361	192422
589718	795259
253688	393196
447190	331683
121619	306757
298998	164213
309628	797102
643174	184054
225930	37299
118130	229066
679910	998723
19735	286548
992406	534938
523242	101468
609549	463316
889372	597629
210927	1607
614573	489015
624104	152023
697337	209508
210081	141994
935656	821411
768069	828603
445100	876689
422978	52825
392661	299553
405333	290037
278423	235005
110835	584848
965300	465179
335620	681196
56452	433793
123250	462706
150713	138744
230820	303701
968234	153880
824057	697830
331720	823173
645100	579139
513067	234027
561681	79520
510858	921159
102723	76802
411081	378485
312893	779376
101620	363648
17467	766086
260468	668329
378868	354211
718273	497178
447555	903728
7757	849212
262463	682639
155692	327719
939998	216012
547550	618213
105608	620455
595	468688
968267	286131
18110	382420
315727	409999
565597	390766
717190	306827
609230	211908
260093	128627
87482	821202
218985	608497
948766	959776
157015	711481
381105	390246
94335	622896
384252	771891
542773	333673
390328	872367
402407	192615
726010	458997
943208	187083
327393	619918
353734	386467
268142	453842
628859	936889
342142	36895
889846	230962
153829	325997
582577	393008
912495	190464
383580	18003
401330	76991
58495	181604
397574	907887
963946	98985
157101	688449
361282	451799
444911	956526
219491	325423
992421	645876
724578	902773
193105	154570
284034	546297
309951	410740
417517	666384
461375	510141
558700	822246
176622	63515
458241	830475
367387	736440
574147	266776
149255	590345
563323	638029
64772	740587
746903	674645
909330	535972
211987	647315
541745	933809
33704	347567
773302	995598
954051	388193
672218	460636
737762	777404
394872	168334
340483	299732
960832	694759
970838	96996
225618	944877
105483	984290
673293	599209
525063	458782
550402	252100
479004	63220
293440	798505
158379	751385
163938	127185
758604	169359
498430	460442
547533	314286
4957	743968
519545	861446
93467	335158
412508	560781
314340	864151
92043	495640
597462	549153
566314	669344
133665	436032
184576	339280
421044	1901
894045	753580
210533	313421
782155	462055
828324	462723
515086	170894
627114	317383
698461	189731
123815	715569
632414	880068
718300	113473
410768	155597
755914	349372
822856	7867
95873	627122
56533	234786
278369	41629
772252	34860
845102	969822
720588	896623
361104	432855
709396	260588
210169	98773
391820	760159
291841	939581
42679	458254
334832	682642
218253	388052
659912	103549
953341	879076
874727	896103
939437	603942
163655	324748
949222	16478
547730	115791
625050	868480
732832	75962
632943	790251
938758	740354
98622	499170
407433	946484
188397	60861
125452	607238
675281	769182
664315	112636
339479	634051
941107	728872
92437	170281
133053	82783
784945	165893
941296	320904
762296	375040
892412	814460
363317	628451
390559	345151
725125	683491
788871	551299
451730	246203
835586	39907
932169	989363
468566	977394
352639	63390
81295	160279
737118	551074
64094	536766
672283	552436
636205	901204
725043	102623
727565	15591
944816	923605
943514	725789
257703	89546
451310	734828
6013	46044
964295	571655
364122	65088
867656	950931
870449	140372
929201	157919
855352	531752
969175	312274
116069	652973
325105	365483
792324	763371
940804	468962
30050	972147
433060	913279
685693	392872
545255	183682
19856	896267
984001	803137
56586	800878
753113	541243
43398	14123
748594	255918
237153	590314
559027	104466
62212	407570
127625	111577
539833	682163
175408	114091
771539	336685
59352	915809
174246	817533
45034	80330
111241	817538
810217	165943
540596	501195
363967	363749
311441	252778
465324	438724
778524	671742
56197	593127
476797	525157
185092	372652
700286	633525
391408	17938
963317	214173
544492	727532
487181	35535
687281	143130
51629	845967
521268	993887
778131	932361
787736	243836
670594	336648
949549	274893
29313	212416
258521	607701
175185	39192
505262	413496
273763	928550
491551	602448
432537	54070
539754	587359
659837	316236
159405	916373
720060	713774
328024	844300
397463	534467
711397	569393
189540	401382
547965	300884
991062	414530
852605	542334
901118	113322
57046	976804
888065	751807
197287	122089
681064	426504
282811	487740
921922	925766
538074	310320
307252	779954
793619	69316
178511	883289
422364	893352
776232	231130
866030	654840
164858	770501
977296	20913
655817	97054
115239	979470
409066	748257
174739	391392
777085	140438
504961	933462
870365	776436
977687	391244
769705	210938
303185	637160
788189	402201
59466	786227
194490	501708
800190	960386
849186	837388
37162	812105
277086	831413
855240	458875
801061	860168
410685	762489
496705	611836
588356	950432
892170	326155
648850	421464
533802	411260
783575	203442
765763	324093
113919	938653
330605	273766
820108	460410
687781	261303
765970	994391
268413	204607
197786	769176
237121	414028
838528	352653
715553	481821
973224	344468
837266	727843
926857	149387
449910	704221
673089	432439
758197	903281
180311	513925
709941	735944
500886	400857
467479	51828
540157	371115
878071	957694
903673	27596
459443	457459
214278	521837
50378	484843
815102	210089
941358	228846
830161	349548
996484	262550
141202	568391
5507	877420
957569	750538
263537	198044
305298	664517
166066	106425
942313	135514
428219	740243
918485	810713
389700	346129
242528	600210
750657	566846
892056	689303
998778	820346
708856	612649
734164	289072
558290	256784
76113	179423
499942	814724
344705	334189
616012	654812
250134	984854
574653	785760
894006	415998
967322	100745
989396	580673
952426	865703
840191	253424
761911	980396
785339	136782
183148	385593
9881	447369
215356	615646
852190	899370
717975	902993
995637	675989
17817	429590
222929	933584
122496	290002
732670	618547
399524	481848
370216	893599
323658	771540
508710	267994
169478	596720
731185	605260
331838	261531
910956	542446
293759	556828
765020	496428
129486	594670
464001	355706
829851	84907
422207	160209
667741	501401
962640	556978
283397	586395
154376	586206
162419	423782
753472	399952
703778	875486
843643	844965
130791	519896
469204	451395
84935	357300
280342	260758
860543	454438
969548	99414
887826	388823
68078	357861
252342	823170
492640	71550
750942	791271
84977	115497
227394	308867
270869	622843
705273	736548
880073	316581
141420	916442
115031	304055
460131	480436
633707	25434
896441	884873
720707	470169
576257	665185
560865	479627
691787	123615
700787	939353
592582	164162
886355	931096
605730	271145
598023	462524
423085	691196
