700138 983739
61597 324117
468919 436897
519574 66398
1	10
10	1
649018	10407
672150	258820
444947	503602
365876	333680
845551	210328
297669	799622
911835	914582
725586	799592
111908	319733
581116	139466
456543	322297
978638	999604
474762	334870
777070	594239
63813	420411
424836	429535
771271	538270
663788	506257
30304	111969
780488	89661
534791	300873
94574	147858
935090	924225
390687	865448
982544	64179
160584	400178
776764	97077
943787	887360
497040	386689
871064	238648
557374	251679
844269	149903
133027	211091
757477	556305
95154	45289
899689	171998
181153	8484
307679	356354
346833	718781
478608	979462
319489	955750
636597	845032
21088	942994
795350	191163
384034	802338
299073	456116
764161	870148
478028	489716
289826	582734
652070	338501
699128	796387
75898	258484
133576	831116
671570	337494
599762	342316
662659	665558
9217	453827
630890	2106
480561	556977
191437	976380
567658	916657
546631	648285
883912	852082
758118	376221
851777	902649
798462	10804
645936	172577
429139	83527
438172	96772
828949	513489
421906	309662
789887	35584
416779	254120
329651	690522
752869	762909
870209	927674
239625	207154
819916	789094
954255	57068
602936	887116
970063	969025
24415	84717
608490	920563
471985	563172
963410	588593
955750	941163
941742	231324
506196	914277
510651	913636
108552	145478
867310	136628
274933	473755
476380	918824
670868	549653
975709	252808
42176	375458
461854	753998
159638	550263
253785	351532
734681	920105
524994	169739
386109	437256
813111	438477
881348	964264
987946	475770
157654	143067
409882	630890
179017	912537
364106	689271
622101	423432
36713	740235
841828	594666
935334	28473
660859	977
367981	966157
389954	808625
10895	408478
237397	703187
340210	608063
33844	811066
399201	95215
106537	125489
648224	200501
310792	535981
123780	173646
791901	851136
438508	978486
129273	823578
914673	987122
236756	758942
981385	79529
878144	439759
506348	203187
35096	450196
602692	387696
756165	168091
273499	662964
649170	325928
656525	427094
978821	755341
236176	669770
519318	345734
820313	209931
18189	991456
965119	873566
472870	999695
493470	446137
532136	706055
418854	407288
338013	524262
580536	20661
139435	961670
243439	431397
169037	893555
440705	144349
696686	225831
566773	742951
989075	617463
284241	85053
233582	802918
817902	605164
456788	877320
797791	885041
202485	306794
603150	454255
363068	31067
279175	971009
198731	455933
170136	639222
363984	18616
63263	62897
808014	971955
490876	851105
856568	698823
520203	287659
736786	862946
495270	398133
403016	649415
407105	904694
882233	872864
486329	982697
610413	461213
854401	548462
497956	377991
268250	136353
871460	57343
768433	395234
111573	512269
18494	969697
872956	69550
931122	159668
350434	801972
435456	392548
278016	802125
578217	327973
332032	91797
192658	461243
488404	814881
737366	533417
774781	42847
230896	9217
893189	656952
106965	480866
486146	984528
919434	216858
510041	781739
757721	326233
383545	400788
617768	277253
425171	175019
437226	917237
705109	832734
668702	813660
938599	727173
759644	802033
565766	478333
354737	205414
820496	880738
61341	411316
515656	270539
848298	478211
585389	584656
203614	320710
256440	715546
687470	914948
189911	86304
104188	999299
172272	271515
808259	43732
60761	592896
278229	951142
831208	550171
664948	158967
859101	332978
170655	654969
114045	121399
469422	31983
887238	49866
560395	209656
125763	202820
80903	967164
544495	457612
818451	90485
546876	15626
577485	860383
737885	691590
300477	923249
580353	87067
40253	415192
654145	283967
655640	682190
150391	282166
581879	173981
799531	696167
332459	217835
509461	844636
150391	519288
713257	939118
63416	521424
909943	229096
139679	302552
261078	312592
609131	631623
496216	5524
337800	255738
915253	794983
543671	590271
73792	617188
244538	842591
926880	114716
362122	353241
911896	273255
289277	705475
797364	34546
691651	62348
234986	757660
980530	364319
954773	880036
887299	585175
560578	434968
518372	323548
41504	843384
793732	728516
538483	234864
901063	243775
719636	93812
954590	31983
448639	896515
56885	333741
400025	226075
49897	547852
13123	253754
32868	619782
801514	77790
843506	513581
679169	842713
771180	247986
746460	447510
421540	323182
28718	612763
504822	476075
98908	744141
2991	703492
471650	22492
303620	510956
251374	99396
103974	502045
878052	301362
801911	848176
67078	974457
336701	992188
306458	158967
639008	269623
683106	791688
624329	102387
483887	722626
644013	155610
81391	623536
113251	475312
194275	984711
295868	267731
833497	468842
563904	763428
231049	541108
490021	658753
925446	148438
501191	67017
70771	901825
143067	865418
68818	351319
906067	921296
923432	155274
666535	41047
404542	862214
729279	738221
316071	267121
841034	183625
5433	502076
8759	109986
865967	795319
121918	115906
83832	812928
871644	879853
399292	302277
908204	373719
310578	17792
202302	386994
71808	245728
805115	658722
151581	287537
257874	791199
648011	629029
412507	11963
628174	845398
11902	884186
594239	192933
669587	364045
407563	940827
508179	293152
142945	429230
287690	619080
629639	223481
5311	483521
983704	198060
302186	927460
376313	549225
193635	466462
737366	230103
274750	304841
189637	748627
265656	617890
869874	294526
177186	252717
545289	389832
121247	515046
201600	314393
488343	537476
686860	66865
488892	196839
668732	210602
535004	783692
728303	244263
244172	754334
492707	755463
608185	38300
429780	190033
706635	657441
414460	217286
886231	961518
553742	27466
196747	724427
148896	77485
695496	801178
207459	437287
633606	139954
716645	600770
140534	806428
77851	41810
454865	428467
809021	540558
634339	237122
965394	1435
640503	788666
842164	760132
360474	625092
522980	855866
120942	695862
857239	50995
198029	443787
606171	140290
351532	177735
922303	930085
140534	842255
140931	808381
334107	670594
192505	696290
740632	599946
915345	993165
867096	861817
284730	528504
610932	958191
201172	137085
305451	424592
122986	905427
513245	485199
612122	22278
611481	52002
910584	129242
66559	630372
104218	732728
978089	695771
385773	233918
605561	124268
525330	79102
805420	416535
16480	59571
220887	880677
619751	517884
312348	751618
291230	774079
512085	556702
893952	95765
563874	6592
761506	623078
84870	427460
250062	450867
195923	377167
992707	190064
323700	731354
793091	401581
618561	307038
79316	947114
470887	142426
718262	154755
979035	988587
880951	378144
543915	525879
684693	664246
665741	412262
635132	455597
121552	632874
581574	171082
634614	871216
103608	751801
530518	891327
93293	456482
338776	326935
907746	966553
463746	948456
969544	838990
543366	542908
209870	151795
561677	121613
406861	447205
805848	391724
396576	414887
987427	413514
447510	798920
904053	242463
919983	381531
527588	248139
802552	218201
992493	834260
953766	199952
249543	583832
4639	121674
768525	542664
19654	367005
246735	559205
297455	705201
429474	444642
241059	158204
503022	328858
167389	62195
702027	88746
379761	942109
407441	244599
924408	264649
725220	376526
312043	160981
950623	38666
237732	438599
68146	461609
100709	258667
134095	165162
32868	364777
663636	72632
318909	336976
623749	955964
656403	635987
939209	166108
782136	821717
178681	747284
714448	902283
926636	315735
344788	920014
886597	633179
491242	235383
631226	744263
917328	149567
737183	2411
353974	143494
441956	404267
360505	721711
564728	514466
50416	267640
864167	13733
412720	58991
890900	671631
305085	290986
355591	453278
306794	229035
699311	642701
620789	92347
547120	430817
232544	575409
672974	495179
691132	674897
629700	820069
301270	327088
925812	491578
331055	901764
188386	579041
168335	467927
759705	606904
330811	569275
265015	655030
970429	646668
477967	922608
140198	849640
930634	782136
733338	409699
786957	53986
789094	633606
148743	577485
906769	536957
816681	267090
950623	805207
211152	842652
182221	762879
291688	441224
552948	979096
527039	476349
250641	663178
883942	533326
846497	732117
46906	904847
655457	988923
278168	700745
332123	860230
102692	436005
397584	229249
981720	738404
457093	692170
944733	443390
448914	683655
409516	986481
484864	990967
757844	786988
829987	825470
275879	365387
444947	474427
436524	376252
408417	237458
824097	693665
568879	486359
901673	281952
74402	901063
925110	945405
119202	849030
239289	303284
449250	120392
576844	603425
16846	428834
442872	396210
783509	862061
834778	764435
173920	446015
40436	869324
200684	792481
705781	152283
937501	59662
387543	753693
943024	793671
35828	695649
551331	259430
907807	252564
775483	238678
923310	826661
41138	595276
61646	677674
203919	808167
688782	156159
430115	776063
324952	777802
664460	129181
932770	682435
690613	668793
958771	866517
339295	17426
712555	189240
338624	729371
851166	654694
756073	604462
369629	989563
76935	396302
212769	194520
826478	130616
38422	671296
393342	478486
406800	841095
480805	685517
368134	1374
520234	68390
695435	637665
554108	676850
488801	643891
661896	11994
183228	31281
80872	309052
752503	849366
895386	466462
739106	324372
654053	852875
281373	770722
651642	576996
178162	769288
4639	987458
853486	562562
182892	804169
484345	711335
458497	995636
157807	919800
922669	932831
355652	687165
426117	94178
949646	212128
144593	293824
852601	884247
582001	680054
137696	870331
826264	230103
431458	868226
889649	773774
333863	180878
124512	337830
143830	983674
128510	441559
897522	144837
368134	514557
283021	335389
79255	477021
4761	557740
974579	345002
259278	755677
23346	123871
774598	966157
196656	856019
984681	664399
713379	121155
982941	657471
105500	172089
548951	227753
470337	851563
395783	339417
716248	102234
467804	722199
564148	875001
252625	664948
662415	190064
284424	509583
533692	627778
931641	259247
325501	257782
806061	530060
602204	569184
327851	404877
825745	975647
756379	718689
845185	556763
975129	41565
780610	488068
125367	252045
265961	731110
444001	236268
237000	627625
997376	31373
436127	691742
45624	780793
683594	748139
139283	308136
856354	245331
374177	71961
549531	708283
129426	858429
694397	507355
717835	931794
95582	36622
308991	612610
56183	638581
870636	523102
104279	809815
336670	145936
446412	997468
375641	16999
275055	274659
628449	937226
574830	989960
731141	168793
730622	745728
463044	800995
164338	397706
591004	458283
541199	809693
34760	399689
917603	466095
490357	950593
672120	367280
234925	242554
297883	533265
127961	534180
262116	544617
443024	76691
280488	481324
736359	691956
637269	4822
108796	77240
731507	791352
571442	461792
968171	691376
406739	742402
569428	482758
51972	742829
975342	534211
743928	900025
366364	719056
581208	603791
590241	150086
402833	731568
545014	360566
581086	749207
977143	68299
99976	220063
827424	245911
770752	800568
822968	512940
741883	927979
92042	483033
220276	547638
300721	273255
159638	511536
295380	531495
211243	827210
613099	692933
103150	877564
613953	356751
434998	184754
522309	309968
276398	389283
463746	438172
560334	975525
772706	178010
694947	26886
552338	911744
701142	61738
811982	400605
147095	909760
620911	628754
816193	761078
717560	909760
39612	86152
31617	411744
571351	204011
734406	19715
409607	996674
857148	289094
696290	755158
330292	787446
383698	517792
628418	989167
366425	655579
174805	710969
865510	991852
396607	475739
641449	541932
948731	796906
733216	149476
266175	805420
491822	998780
389466	528321
327759	330964
54444	88715
444550	800446
479188	764374
513672	912568
234711	835938
378998	998566
181794	102570
93262	344361
818696	468964
504670	511567
634827	735505
855378	705353
334656	280427
51728	372254
202942	332673
40619	182801
557465	621247
705750	290070
298737	979188
503418	381287
147034	598053
317719	683869
377594	702179
352814	868317
850892	61585
920746	841706
12391	616486
352936	862366
427826	167420
584809	363831
454773	220643
864686	469880
948182	290070
140351	545167
588837	874543
609284	377259
627503	571930
302521	853425
683686	990021
35798	404236
849610	888398
226929	159211
851075	965485
573090	824738
535401	509858
28351	874329
614380	396088
547974	861725
513581	242646
293519	654572
495179	590363
50538	261933
49531	329407
119324	823121
23591	924866
528016	357026
188721	890809
707642	171052
78766	67963
388398	517487
70862	189118
48188	290864
965577	603943
395234	404938
870789	495606
720246	99579
134095	88807
134339	929993
522919	842682
345032	707581
947754	69001
334321	321106
884797	441956
719605	289216
406556	94086
321869	211182
496460	49469
163575	111847
231659	255097
392823	147950
591980	59723
110230	379181
217682	279389
380738	434327
518769	609345
472626	45289
258576	713227
203858	705292
221863	471497
816773	255829
953736	223816
671876	147278
948395	23072
872407	572083
200409	551545
333741	766236
829377	64942
412964	634827
678711	143799
647675	611023
494507	777314
36072	423584
635407	1893
254731	357880
376648	590821
875458	768036
872803	771912
637146	162781
861603	254975
776001	267701
349000	611176
942627	187195
940308	885315
962739	275666
295624	860993
255982	704377
518891	270051
735322	103577
259553	57801
99335	191651
43335	217896
219147	103119
974488	312867
441834	315491
594880	228119
704224	781037
469117	592988
733	215180
112214	263978
603577	603303
317627	932282
114411	991883
896973	911255
561432	645234
439271	107300
969117	808777
58808	702424
743592	743409
352662	805909
460541	508851
55878	888337
840485	305939
291840	821930
471009	156495
987549	438324
814240	437043
89600	306153
844513	409272
795197	550110
921357	532349
234742	605256
839722	125947
27436	450623
41901	1282
9400	720063
343110	117066
326020	769349
846650	272431
112732	914032
623017	444367
288910	264802
833283	738648
677094	503357
905823	175416
866303	186127
763123	797577
83191	360047
555878	999238
946167	50477
529328	644227
480073	159150
139954	609986
285584	117798
988099	971955
416840	901307
157959	264069
443940	344056
784058	237580
491425	742005
720765	417389
874360	94269
700806	647309
423676	658600
956482	849213
829621	396485
568482	519837
458161	986725
426728	178254
238678	18128
