196402 544008
925921 600937
901263 277269
893879 648194
690878 655570
530327 608497
816593 98407
375723 111715
775127 26649
852039 24072
169914 463356
485783 243035
454217 392022
546552 262288
458705 909842
239076 17562
178980 484318
428805 628502
178107 755937
372394 697943
537143 232540
54295 517838
149123 835676
180534 609686
19542 817817
492140 57562
878229 747119
19847 396324
310485 161974
806227 334594
549118 204416
318860 630935
562123 734894
190125 806715
695341 326191
848999 660752
541904 858391
408365 309410
285173 665368
106348 601594
930750 83295
673496 743040
743176 435085
826018 105354
928946 244048
568966 365125
787645 668830
155648 60286
726412 635534
511710 435854
388746 706770
174001 189344
828522 454869
44829 995232
179017 111405
333712 813378
482865 932797
835919 360684
811063 741162
712108 544257
780932 627576
336276 794699
605936 634240
581189 171652
549578 175760
695580 858114
96180 585503
788300 943484
918891 87787
471211 263421
548645 926001
760678 507555
757267 60616
659285 586132
255878 882907
988585 137279
314094 14657
827970 837834
185341 351419
766686 984413
295529 838985
633643 893130
650257 579625
101757 156760
570295 299629
20698 977131
210796 973240
746291 630865
547017 143701
58158 82539
714457 945587
42334 797174
496916 278977
342548 485045
92102 834018
666831 92093
820559 764493
191758 247517
375107 828037
887110 142119
266801 969967
885104 21023
451777 274709
174266 783616
116663 461174
488861 133797
831252 412615
920782 580827
855963 356042
963598 854400
688433 996426
687644 808471
158685 452720
875275 934572
663664 473669
685998 438366
303230 478213
282991 589902
914250 318748
611391 752547
48576 895360
310823 799095
918043 326186
544317 281889
714983 273970
125107 627231
479520 213574
705482 846240
875130 919174
739876 20844
155258 908608
132406 895409
262017 296067
439388 726763
905321 146210
237062 963502
55368 285063
329552 624979
535826 245105
543536 407933
672027 681099
957384 382151
850873 175338
858908 688268
446088 228131
583901 899218
575495 876615
968100 916819
664415 947709
635258 466538
933188 569018
351188 981271
813428 611295
942940 525935
511773 734702
339242 610979
696667 317930
540945 176746
708895 130187
691734 360590
792171 89435
516796 986960
980217 789360
779259 26681
694460 432390
264783 65727
952510 263352
653228 831120
697128 437147
600014 607997
362016 653944
101999 986182
334412 116707
457362 249598
962742 554236
585277 126939
354504 933186
129155 335836
727158 449103
457791 306327
253882 949364
668061 419486
420091 511985
648658 47373
632263 859985
150444 644531
796671 40032
85251 823899
276498 761674
215375 133494
458465 111442
25427 421478
389890 236843
104312 216233
917089 985079
580084 442784
351424 634265
684201 80955
124702 723129
859274 412868
719350 521556
702712 593156
950814 241148
419755 197206
840656 197107
6667 987078
205382 941088
126239 670372
259582 108204
562332 162411
497245 163644
281503 810633
274032 597835
947127 402635
729101 696546
481049 876391
106968 777591
209526 183077
893922 163040
118058 100906
849963 890354
238795 76066
636488 498042
21026 547785
388064 571735
616630 926359
899664 428467
81027 34758
59758 910684
287306 861761
184299 568067
558402 357226
53202 925327
660012 543560
218093 665631
638404 327884
520774 330075
561299 185470
579339 7733
509986 375433
248139 463618
761097 860063
760029 347183
848805 684618
203487 374049
39719 409617
241564 599469
442505 596867
786183 426993
482780 931
388388 818765
560574 929647
650630 763137
87207 148687
326387 22949
608034 152791
146851 259071
117016 304505
138727 206340
560327 416714
278823 949166
843282 619311
902084 97718
896819 799716
36380 903791
523084 236840
335467 595391
82778 963273
815246 846586
9610 144071
834020 144412
800102 149096
357837 312163
281576 341656
18644 561863
807983 666810
727401 776407
928271 243023
931655 663218
453955 66241
818932 478686
296254 811277
679527 907528
270751 142668
414531 825688
609858 886364
86466 712368
647602 93295
119917 27906
101565 585904
141639 35915
517473 986573
15306 787632
764386 633125
411145 632819
739901 935248
469492 955090
717110 981445
680186 726844
807758 103276
793097 274225
948241 356673
653809 923573
749515 540257
982118 224816
179482 305781
572708 873061
937951 733752
571373 104525
327630 605478
770222 753743
860261 234947
381055 344351
752826 205508
883081 998960
627629 244062
497219 877207
175228 9066
185941 624958
923828 638706
982237 37313
174021 617819
831759 324584
935151 988526
27191 964738
244185 68484
758746 666714
557632 592206
961594 647385
322828 752895
525113 544248
787070 830102
286165 63263
361670 999371
329554 179871
776306 337045
786293 753865
767552 978006
491436 922921
878356 823397
755339 917666
356869 643381
130353 5543
914641 766950
939849 599571
351089 803240
505580 366822
835464 705160
279972 490141
433205 923289
548364 43693
587719 245632
596115 194971
656912 745371
473375 420731
993874 282894
611213 449923
397526 632044
67479 371338
958940 612031
212047 153443
32749 684597
214088 466384
38412 199463
698068 634597
270795 125766
719207 797563
875833 67748
887002 863373
47673 624925
908620 103730
730606 782240
652963 11255
500242 812509
933040 439512
683046 760141
585840 826523
573252 600281
957039 378378
418896 131112
446920 300811
751949 323464
794887 22301
988427 236088
560687 863025
655358 84623
434839 382627
75755 634061
966895 51923
755067 196477
730848 908709
966130 648771
163281 885073
788985 945928
142791 929575
717591 584446
200420 331299
88894 445650
628432 466920
305666 921710
26485 328669
275557 618984
286628 791521
529805 445002
470997 682540
151639 130878
310923 582531
106884 592342
490198 360279
696785 344118
614450 140219
719845 232991
263885 72832
74724 886296
445862 737200
375393 412026
919761 885795
344624 666585
306263 36480
253656 287562
274874 57940
112359 230614
447062 776840
62112 290490
959074 351298
932240 458519
192278 308891
436415 890300
479847 724728
528385 745678
996718 697095
788588 377618
461158 941336
134692 178007
67668 679509
653009 741827
115905 383520
317362 302520
495779 408904
296395 350818
396570 324263
124154 140063
494550 243930
199912 736204
531925 762270
778458 613993
705930 841155
955047 409960
871385 553808
292100 935767
51647 356340
520443 483494
835471 998436
217147 67799
58327 379413
886536 149699
420897 952856
97811 999811
869909 710285
582308 91073
126972 856965
764019 860827
634271 928824
4759 964336
459470 166879
75542 73739
32444 949744
549339 519786
349640 277492
320645 261226
675030 120006
335195 452816
500188 634730
550750 601270
575481 604679
195447 94416
124351 871938
723344 401242
923793 73401
302079 606368
282920 373337
3036 185065
802992 943837
19955 291777
790735 413667
974741 659618
424581 499052
508489 177534
264366 65840
655456 210220
615525 149980
927078 218924
92547 288746
983348 484056
568197 707354
922083 663722
866891 607890
198619 309412
242301 250255
791945 6368
496200 633799
278959 970740
235526 827549
250069 882305
67068 327104
454685 614937
309500 948705
961780 237898
231147 742031
787813 989451
86429 322416
739719 214146
142428 772254
984343 828848
721544 600859
534432 834682
201048 876659
779030 102421
488254 739629
799043 45068
735657 159789
281817 987569
618788 572073
204709 675294
850972 501958
357157 748775
37567 569678
579248 347870
378303 403536
851859 955649
270517 59477
131709 758340
241123 675258
164816 808439
812818 689519
171799 486933
571290 236874
522903 364968
39296 459145
137406 480219
56057 613539
307128 340958
53389 461513
943777 897136
848279 160446
581205 997900
664553 969360
490018 412978
312780 632370
492383 649232
791716 774071
27542 682957
118834 139501
240220 170675
350836 318804
429250 412983
598247 820217
913508 362085
130477 24692
739678 440108
393865 434554
804575 602564
239110 52384
872789 932471
661623 165677
926792 525587
244058 269850
915971 472939
121430 165864
882796 774596
416036 939934
46389 459363
417290 242462
252075 818737
858241 251555
613804 190152
369656 312090
717302 587036
141169 976665
218714 470281
507530 780736
165647 396340
447382 397675
943266 920929
695850 623185
629515 191953
770612 406332
181723 538198
255428 487781
635538 412725
4591 567787
350990 159477
484168 13616
553949 970186
824655 108624
20979 492569
800614 515455
775799 438248
457214 867134
500088 509348
790609 239546
851901 787213
943048 785217
2489 851650
121020 221409
409373 367845
102937 402015
302600 306282
310687 266001
505946 689985
851842 668057
91238 977374
795250 75902
563653 102433
847925 615848
695303 834663
381231 124216
405701 51884
918468 187778
833362 783515
244884 848296
593680 762485
749669 500948
940766 890841
471583 766737
240815 553333
135024 969543
982838 222026
340559 627281
695101 129365
100382 263293
982549 350239
333801 847839
329576 550819
233804 819666
255274 603735
336624 204812
883950 887897
1077 633757
829205 298743
812780 900676
313889 807067
869691 877550
651624 138385
505316 596364
692451 231479
829151 439247
41574 996288
5667 38403
437994 197092
962436 403525
443526 753640
882742 714595
916093 112325
415343 205518
366896 138488
284395 614526
247028 522917
391625 20835
4926 156329
533779 292611
853947 865147
205531 695988
172540 360637
227008 744248
837583 473381
264720 558768
36073 839298
744711 619519
504831 189038
193974 612732
399283 191759
876927 60115
48875 538249
339964 867705
491902 516932
37824 89801
681096 317461
220149 229696
592285 726603
241572 567569
821338 752985
115412 135142
241111 205595
864265 223861
80952 135622
99118 671418
987875 768881
649165 428118
853068 661690
580666 593284
582059 853782
36368 746484
859407 104377
625043 381830
727181 266142
675445 244836
202640 149108
342260 340028
409428 316517
137824 148185
552878 106243
306810 689181
210883 335185
458808 968797
448921 565356
566758 225881
514058 484117
747430 417750
985300 363547
715288 753498
309838 989289
14036 481348
510774 110954
292436 564805
878757 101716
398127 563711
563299 286104
134208 28088
573207 91621
203045 203195
511831 425619
393571 650763
154718 118899
194791 256773
9947 558512
306472 746961
119590 420641
427240 650948
208013 188335
228376 259670
864653 174686
277595 567227
424860 197113
153699 56799
382051 277214
663736 1219
177098 86947
839831 762223
710059 635556
599991 740371
978344 530411
617126 687422
395992 934010
266322 298938
55644 451895
351460 154690
525264 533557
949959 954720
549021 156571
631943 331879
280940 909427
26068 72202
862517 170513
554661 218328
710069 982237
72569 67989
289086 573632
118072 724790
994216 912231
908985 542840
214117 336567
202269 562013
523571 551757
302680 586500
619370 147056
35664 331876
782069 377174
485469 453157
368989 575056
779505 631386
132929 464850
602001 702943
445602 662755
548353 544652
631707 565149
628990 243667
426734 140642
41509 762684
443384 549403
569393 216441
225415 643118
215202 838824
858946 824572
946232 56678
713542 20627
634206 361098
835666 681975
896932 634245
746328 350600
832677 212052
393076 474640
912072 42335
937464 78891
58465 350706
539302 621843
844087 912725
659063 143496
138465 421577
668184 452760
292041 987618
920244 402832
3410 455996
804140 489727
846230 747995
433636 752163
969224 857187
457079 444979
861817 715632
426890 376840
854454 432787
889470 434473
22606 459050
720639 431218
400752 566555
266169 63391
813619 468461
798251 739002
536176 419586
513236 901919
507210 821237
363465 134249
113294 42956
852904 400379
437365 880986
296743 17197
394054 236276
915014 470928
658584 281933
302051 604640
186870 328561
356780 651013
306395 147930
324910 892166
631452 288307
622732 732747
199333 658086
2892 754508
500507 392676
602060 718684
330145 537137
907154 880268
394870 801704
302272 149437
246716 907539
266918 934470
107220 759839
197490 40894
580004 403839
983298 403302
569466 599584
881498 494902
477898 946436
660977 175362
918675 866942
373222 161289
123360 888200
580752 732762
766827 338244
742643 359844
969500 879182
238670 295512
453487 277434
20177 771965
317683 610927
221163 683152
210734 442783
883714 105621
442142 158818
818620 310974
764506 529582
424570 526647
704983 101749
821093 897996
875527 761883
42528 417848
256860 367891
718301 104267
230187 292437
479499 894390
798443 821181
315245 567030
259228 596483
386246 946267
243460 173843
306161 596276
583572 733833
738957 612569
865386 284875
938197 421653
338800 543682
247117 407214
358305 47413
528344 733138
252972 293892
648679 495903
485489 925503
422412 523534
544104 683233
510764 599037
411681 39916
612691 241881
31590 281250
733986 771301
148476 394269
699107 951657
229064 962764
872637 971897
858767 244042
586499 528608
441046 292700
755430 306282
961064 325959
970763 95435
545462 377932
186871 420847
61336 328706
944999 192799
31538 713422
295741 355149
952882 429696
771092 950076
776181 865613
799604 496142
429001 932645
70881 142507
209037 556657
654606 867084
211189 507627
786607 929057
775146 764505
800108 408805
268814 696295
549041 591292
221277 929248
903778 238533
304879 914313
542700 233602
443418 764698
823607 734497
814004 843993
333175 565351
987573 803605
204514 812216
773179 22909
561404 617605
950632 549979
597326 902866
362214 550448
584821 525283
146059 353260
498006 648834
979479 370954
515439 813360
569306 959750
703561 764390
376115 32764
301514 570886
941427 234783
445350 779171
265759 88018
956470 165673
507604 492262
845985 932907
382085 892849
976374 346311
290593 691143
469532 204472
678800 405400
426144 95992
317211 31078
998318 486736
359787 524128
49499 150141
267305 797344
485087 398401
232901 10174
276576 169603
487378 881551
267177 17443
971215 300158
684345 978719
692481 458308
393400 614619
689403 367367
874565 384080
739840 708365
884394 350996
874559 2779
854961 552897
623804 581422
383696 815237
370256 579797
486975 168070
181255 457449
189867 606767
435303 47338
986371 674460
42384 742840
983407 266014
