1 10
100 200
201 210
900 1000
1 1
10 9
10 100
50 100
999167 999167
900000 1000000
326123 329007
853330 849495
188672 189490
834848 830254
311211 311764
969106 967850
560042 560197
306602 304686
977391 978185
145328 141082
217211 220505
906281 901559
370689 370925
359914 357763
612018 613136
668609 667323
761937 762532
810831 807094
952817 954529
664101 661389
903614 906177
452892 451368
234365 238573
910108 910053
346424 347028
704617 702064
899950 901913
573372 569162
84022 88943
51742 47875
384127 387170
810858 806760
685404 688382
552816 550061
266203 266425
915557 912248
299076 301215
93716 91860
573057 574034
477092 474390
63047 63316
214141 212309
514270 514505
963611 962828
161784 165540
470810 466911
179289 181796
148503 145362
897525 901061
514442 512913
360259 362974
789827 786931
966357 968732
919523 916969
609896 614263
194375 193090
26201 30768
93900 89327
635256 635768
588459 587149
516245 518956
75915 72144
61925 62836
15670 13613
637121 637633
301668 300758
405073 406201
390342 385908
419866 421128
648246 645039
428430 429730
159062 156091
691913 695875
719963 719293
745959 750212
853497 853402
813889 818783
138855 135319
867244 870727
15802 12844
399650 401533
239513 235938
849676 850055
632406 629540
653916 656617
754017 752690
566094 568011
267390 266169
602585 605780
321078 319371
469485 471060
71252 69135
108319 111692
616202 612574
353384 357334
216326 214121
387405 390563
12691 11143
796097 796239
243699 240816
644455 647646
990295 985746
631480 636341
206444 202751
690765 691130
320010 316802
424087 428993
898125 897011
590389 594072
957843 956354
588390 592422
155012 150193
349727 354201
227660 222876
526211 528345
54389 54225
462197 466779
393003 391216
26081 27916
62138 61935
840280 843864
609484 606288
764671 766112
253282 250160
747078 747483
480524 476413
111183 115840
49789 45456
512134 513784
337378 335926
180410 183547
938667 938204
159316 161997
470342 465476
652579 653013
627206 626434
906145 907329
219474 215614
470215 474847
208913 208458
401480 405778
11975 11148
40670 45518
698556 697764
768321 770303
321977 320341
872228 873793
321072 320530
322159 325564
224758 221939
761802 763631
645739 645178
810287 814199
526039 521344
774951 779059
956115 951181
419672 420740
422002 418287
467319 472297
741105 737337
603129 603936
641188 637757
769610 771169
241769 241094
916872 918957
522754 519895
40598 44035
809639 805008
755058 755603
588372 584774
785347 789824
443695 440634
232478 234476
397368 394553
428360 428699
113305 113017
642954 647645
242262 241039
438253 438649
961639 957721
669357 671101
494933 492186
376882 377079
14461 14226
357739 360796
122085 120337
864148 864218
805924 801491
149085 153374
970750 969002
781320 782855
616059 613932
837791 841250
299055 295227
785489 787089
92244 89556
464757 465632
623064 618187
608128 608646
430132 426966
679799 680098
288996 286534
832465 834893
99102 98960
18263 20110
568044 563994
879173 879452
954010 953050
210478 212709
451693 451395
235418 239304
188534 185007
571078 572204
992385 990200
883994 885216
325577 322654
693661 696632
570722 566128
702211 705844
245339 241870
186437 189416
253113 249250
161372 162773
521468 516768
460577 461541
97178 97010
681694 682383
126327 125363
809404 812857
887880 885365
986115 987321
719478 715578
546399 547223
666569 664289
675987 680570
423762 422471
884604 885578
662102 657226
879019 880349
868571 866211
319738 322017
493828 488978
969431 972008
985883 983396
183290 184958
214836 211427
810973 811413
584481 583374
937904 938707
66445 64370
607209 607699
211160 210508
163560 168432
272173 271982
219309 220766
562310 559756
830608 833393
993272 988864
116461 117383
596618 593874
580216 583465
202869 198348
185692 190506
209607 206949
758577 758946
475388 471680
482351 483154
595468 591793
722502 725095
862004 861069
731162 735284
929733 929243
203752 205997
104624 101003
629561 632706
71811 68349
672757 672979
62141 59354
772610 777575
991754 987044
261813 264696
357907 355362
594299 594781
563369 562654
540123 542913
991281 987804
578742 578881
17160 15636
574348 574565
554348 551093
259901 262764
426146 423686
610331 611385
796932 796106
473534 475580
376573 372516
700261 701919
931512 927896
404226 408400
624280 621360
648466 650799
394796 393215
984598 987667
741455 738895
249682 252934
777208 772855
638622 642508
449145 447240
132967 135029
366103 366088
760689 763013
794270 790233
195675 197701
493532 489704
942872 947561
997151 992635
178616 183114
554939 552740
799700 800256
459913 456354
315816 317744
290784 288157
603330 608056
937394 932584
983741 985062
793431 791183
490662 490911
667748 663768
757932 759576
739450 734623
717922 718831
36044 31336
847302 850447
793272 788945
604903 607923
158632 154771
652088 652887
607816 604350
902517 902595
445119 445101
18187 22640
96825 94077
276087 277343
646901 643572
364703 365592
470954 469016
563841 567692
711914 708356
532814 534072
241425 240727
200987 204463
789559 787629
286813 286918
564383 561879
387300 388676
538262 533976
972456 973597
365956 362721
834284 834399
295563 292561
837875 842595
295768 291613
710315 713253
992361 990440
950657 955312
119866 115039
80053 81288
734022 733912
748033 752891
12457 9582
36965 39806
992621 989205
895804 896352
272047 267964
811606 816174
942095 939075
51295 54672
234344 233779
684044 686637
737148 733931
908773 911582
522269 520538
205025 207531
805814 804077
8629 10789
269572 265972
86411 89537
780893 779206
65491 65511
722992 722302
61082 65290
261002 260772
74647 78237
323977 322372
447963 452596
132369 127585
634465 636388
82595 79756
355960 358373
249081 245935
426685 427227
855845 853567
496276 497743
224550 224503
414137 418873
171838 168058
66571 68722
316020 311787
371767 374276
627379 624101
419654 424371
632141 629852
848195 851829
349418 346996
46828 47885
24104 22131
553223 556890
437967 434995
242666 245883
341137 340460
335496 336956
857167 856214
385733 386905
987375 986670
255547 259277
34144 30616
815843 820593
185499 182707
99269 102919
331014 326582
571020 573154
70655 67996
672797 674807
906575 902936
886680 888034
302344 301459
481106 481233
353917 353436
503254 506631
80411 77726
685070 687944
167806 163195
768808 773543
624349 623340
599797 603766
742811 738366
747020 751571
32512 29255
38545 38984
73967 69474
628973 632890
161065 157402
701185 704753
433352 430304
304331 306014
695542 692433
616370 621021
947235 943701
206529 206652
710766 706642
251156 255197
432078 430530
980563 982588
874239 871381
564555 568960
675488 673527
760174 764255
757064 756993
514346 515467
402291 399992
424520 426077
537337 537271
953052 957533
881402 879455
506401 510897
144889 143488
765299 767644
212602 209120
206383 210489
227898 223359
750549 750592
698198 693659
181201 186030
710752 706275
647949 648383
244876 243417
208693 212231
571297 566746
715046 715172
499235 498907
766492 766767
433255 432391
664798 669477
740736 736041
451205 453243
371314 371312
33866 37306
450579 446670
249816 251671
360924 359000
269212 270728
424254 423622
831490 836398
816655 812230
446569 450956
227381 226371
682724 685560
204577 203239
29465 32038
951901 947896
352067 355040
140207 135810
118372 119624
326226 325192
464618 467663
716088 714339
734994 737687
664736 660121
138329 138599
575397 571408
517681 519180
530526 527151
904926 909503
9516 6314
398863 400962
867913 863447
726804 729371
588087 585250
310930 314451
666382 661750
48021 52555
241050 238570
524050 526869
84875 83693
105235 109076
696112 695662
182072 183594
1928 901
406589 407832
479377 474775
409811 411248
14537 9770
71673 75956
159901 159372
234654 238834
884417 882342
926404 930650
74336 70689
748796 751800
567726 566219
533674 533674
654416 649527
938080 941567
260103 256130
381835 381980
883739 879314
798320 800963
109135 105843
213296 217796
979222 976787
810529 813567
730723 730623
714234 714652
646476 645774
679885 684813
496261 494642
208067 211291
662651 658497
523789 527565
227803 225009
374725 377780
871708 869851
722600 726715
772559 772230
965100 968126
388846 388846
71534 75160
256456 251756
374168 375719
704652 702185
838715 839032
2269 1806
794382 797681
647919 646315
28317 28766
402374 401376
980647 984968
307185 305279
976113 976821
378093 373337
560719 562070
732993 731843
335039 337600
870429 866406
610322 612927
770202 768258
223805 227086
950669 949206
602947 607676
789754 789745
476846 477016
758531 758497
196542 199460
343953 343321
870477 871005
851774 848062
208034 210883
518692 516835
21893 23957
258152 257278
410220 413943
537231 534639
248987 251917
386342 381405
94368 99196
216579 212390
96464 96473
208481 206287
488049 491916
196407 194854
271265 272184
250736 248109
81209 84040
748446 746564
601572 603289
184621 183703
206960 208887
378805 375009
931380 931650
40942 37074
656756 659492
51797 50348
668737 673721
771091 770418
530435 534609
254105 249506
737381 738929
730951 729385
710945 715360
370706 370078
933179 935737
781971 777695
1315 2723
51519 49472
362505 367015
690765 687636
779395 781072
503019 501674
718811 719737
342328 339111
966557 968506
783037 780139
810424 813171
980145 975915
443861 444479
17465 16467
904772 907528
974578 970565
676058 680757
570170 567975
830775 835455
515371 511211
722789 724044
793217 792495
738364 738592
704480 700846
449416 453877
870626 867247
448896 451245
241671 239596
204155 204326
6486 3991
774416 777764
471845 468401
4594 4867
946032 942424
301987 304303
182395 179733
919907 920885
202675 200570
833027 833056
822668 821580
835787 838059
279527 276477
271184 274613
910574 906633
220522 225073
316339 313459
614374 615023
625292 622994
547429 550744
185757 183529
477441 478820
328135 327579
64683 67015
791080 789812
877950 882703
911197 909346
758608 763136
736963 732613
874477 877208
513039 510130
284065 285145
546209 543324
58836 63653
250603 246599
465930 469723
629730 628261
517582 521410
75147 74912
213181 215571
214040 209167
653697 655261
265127 263255
757724 762053
453850 452097
369308 370174
463439 461393
958396 961552
558190 556810
900228 901694
77046 76884
957729 962050
48211 43722
390177 391537
787429 786768
155938 159869
870666 867068
567835 572797
236231 231940
136191 139237
971815 967759
99650 101709
885275 883064
168064 170450
806716 804472
696670 696997
891006 887837
39888 40278
592247 588097
498579 502313
485015 481809
824186 827236
194209 193344
213394 217021
455431 451774
557706 560259
304055 303469
307074 307242
448479 444596
803988 806728
995927 991815
859616 863150
891966 889250
545405 546696
60790 58762
310599 313630
154577 151887
342834 346224
984287 980193
218901 218965
354241 354198
309889 311706
887282 882349
573393 574523
541378 540486
586012 587307
615522 612232
426954 431943
798626 798519
437216 437793
195228 193923
570431 574152
614187 611793
139426 139681
919712 917879
758147 760091
585312 583320
934744 938602
140483 138385
526808 530253
621275 619712
221172 221871
17759 16836
191814 195378
795033 793064
126023 126892
106492 106038
61989 63316
67512 63107
763203 763891
12734 8128
263063 267531
324973 323580
786309 791185
441157 440138
865028 867863
883738 879324
745180 745320
188287 187712
164902 168973
23609 19411
696955 700479
438000 435766
291665 294165
688688 684551
484857 485440
311233 310412
13319 16365
677353 674920
544344 547754
570079 566132
628294 632034
230898 229766
75809 77212
767792 763855
127447 129403
978141 975022
357100 361239
315574 312539
363047 364097
709811 708632
143155 145423
329405 325017
382229 385500
409075 404487
568382 572712
74418 70139
869461 874063
751035 747732
717380 722202
637200 634368
748240 751319
402033 398422
478565 482575
483507 483298
161437 161609
423105 418708
940166 942611
185716 185257
197050 200360
706104 702355
289556 290843
141752 139689
77397 78540
836727 833480
852395 854057
97088 92991
535625 540360
443479 440168
926565 928624
586503 584994
844588 847201
401320 397592
200815 201858
566312 565538
896785 898723
616381 611682
769580 769836
799211 798744
367985 369170
95210 95141
558460 559606
833603 831014
403737 408316
841151 837468
648035 648808
873265 871691
879552 882003
20017 16573
581325 582166
209328 207424
303390 306187
123843 122838
299670 304388
374139 373334
288001 289540
617330 617228
380799 382192
672362 669739
177813 182757
568540 568226
112252 115102
328926 328471
443394 446936
804215 801363
375540 377713
958379 956216
281279 283991
485469 481093
454024 456369
698028 696991
52095 55854
42498 41872
496655 496838
393838 390010
672206 674465
508863 505315
851540 853923
508569 505454
627216 627822
774701 773040
768990 772418
414980 410879
266699 271396
89527 84605
199786 199796
196923 191940
105815 107913
853980 852354
393809 395372
6243 6131
929793 934391
304144 303859
793617 796280
814719 810460
845322 847394
160183 157783
51952 53049
124609 122969
633214 634545
765458 763565
713362 717235
534731 533267
913508 917346
870989 870032
362179 367076
108103 107526
835994 840724
811679 807498
944890 946856
68812 65445
935652 936365
863802 862912
959469 963090
37108 35447
641841 644989
881717 879070
483709 484140
352657 351960
532152 537057
441104 438729
551542 555617
916145 915495
406026 407544
755244 751341
80146 81122
599744 599517
488400 489141
733799 732595
625891 627243
499608 498940
296247 297667
84196 81322
524541 526023
630737 630560
827853 829430
406953 404411
788124 791333
503287 501125
777093 777821
280176 279260
798445 800836
882782 878036
794593 798207
196950 193102
112866 113034
424580 422409
523439 525326
362793 361649
385398 386719
559168 558060
514885 516463
328096 326840
16572 17472
952763 950545
533817 537357
381134 380097
561969 563952
77912 77496
327151 330236
514506 511239
135220 136704
300063 297516
609958 613147
440275 435831
380566 383283
665755 661994
961362 963270
653632 651846
270185 271325
502931 500791
290585 295428
590262 589651
592407 592719
666278 662503
386131 387775
93124 88768
560777 560963
908405 904201
