424 184684
265014 191704
114792 293592
244655 57065
232821 168281
4922 29962
48281 54371
146053 39033
2931 123831
187175 197195
54481 217271
115392 18702
256685 263005
98951 287041
313233 303343
46651 151421
282547 68697
276457 326637
200383 128603
97428 275308
123170 30360
18436 2896
90414 89434
226495 274475
158910 67300
153511 150071
243949 35499
126244 240854
187576 118416
73778 139328
169456 324406
113248 55388
161199 20839
165425 48345
46404 296594
99316 139786
316741 223871
287462 269252
62717 58307
155742 50982
239871 132911
186377 223567
236561 155751
120530 273510
169426 217256
34311 311081
180087 113387
122883 277543
149469 89109
97598 242228
64236 249476
130318 164148
9012 325922
16569 174119
276258 205388
64841 275961
36031 243511
308370 93750
45978 240228
232004 196694
82823 47353
20008 264198
69017 37897
4683 37293
246497 224847
24227 143117
228149 95159
76171 189361
206019 52509
315573 227993
62254 110094
326102 149902
31963 204863
143447 305247
293158 95048
252018 134598
205818 197978
152828 195908
280102 271582
236232 185392
60390 241800
296581 79591
198166 228896
115124 162034
242738 200568
226476 263636
188769 284349
201436 238456
218822 319992
186529 100229
35582 284772
243902 50762
26013 25113
268708 178628
134025 97905
164245 50035
241838 102868
314277 286187
98339 309339
21559 257229
199778 313308
286935 214265
34351 165501
95130 301460
217199 37549
124246 162806
166889 125309
174389 198679
1947 231967
204175 282875
244895 162835
257351 181151
313176 206726
122645 43145
311862 200542
108095 18335
43141 277571
195592 236472
4826 41456
202231 71301
55363 204513
104679 120459
262933 264403
200250 261550
47466 206506
83142 44752
21697 140197
99061 179591
102037 36267
44154 93154
293352 258752
201600 118340
74888 282988
81780 177740
17642 26692
139860 31030
292142 76282
41005 305285
15443 19253
299731 130621
310045 274335
275941 227261
84932 1432
312870 130650
191883 83613
309750 142710
2361 308341
257617 188977
72860 125510
136954 26964
280206 21266
216952 226592
173728 224678
225944 238524
10199 284659
231537 28017
310610 19270
47585 321715
95773 302283
227599 71659
78835 170875
34884 295784
26269 256289
319290 254240
69033 149633
245971 37381
101964 325264
82616 62036
50311 203271
307727 64127
211540 215210
149253 301893
49412 208522
138303 309013
189595 175795
130080 114780
260593 64403
127614 193584
64783 51093
148880 198020
144613 224293
273850 194060
311125 287055
323570 60730
188246 144866
232177 16277
85277 133587
232721 238701
128977 130237
101136 127186
115863 240423
241305 242305
65606 89336
298562 120542
35854 297354
169739 214589
225337 29647
24845 9125
100685 228495
129392 22242
237551 65121
201765 214605
32226 178716
319353 152063
238519 173999
227024 121944
16386 265356
19945 101775
69631 105491
3011 144141
198562 248562
114637 276127
204252 326792
184443 282973
100415 93145
200730 128190
10182 149332
306961 131701
200415 264895
190919 194989
259913 151463
193150 186520
220455 112595
87605 111935
252653 121823
38308 237768
292939 59989
295577 255627
64689 295429
312414 278144
206025 60785
86842 82142
258252 56022
157608 26718
280285 40855
187870 154990
62884 238484
5043 212223
57070 23640
221720 274900
121659 255439
209144 75924
318190 92330
252069 49769
3048 114238
112488 135858
29723 178653
110762 215462
175479 186799
152635 85205
282905 159455
185418 232468
283191 278711
283242 211332
271530 250880
297643 299023
144240 35280
269705 140165
297 215447
20897 29447
224109 264649
46822 15892
6091 320611
17598 299558
141479 6919
128440 214310
7496 270686
207846 180366
151863 70393
256308 112258
199247 33607
247675 49455
233191 327271
210261 203561
225504 94974
95162 179652
80762 179142
311972 219492
204273 146073
244305 324055
206275 298135
300946 165666
147374 291424
59952 82572
239372 308392
13561 210161
182315 178425
20126 326386
196912 16512
216353 108943
214178 134538
72634 222344
163043 166353
142574 1494
123189 42149
240290 292010
213190 168590
241564 313624
119043 36773
269101 149031
284902 249492
136540 306750
54031 69241
193709 38799
190091 226201
300041 219461
265055 123935
253149 66999
127237 59397
64114 314624
125099 99629
64949 15169
249388 288708
147014 139724
151185 162165
78169 183319
302132 292892
19550 160860
244850 247750
298161 259521
181160 16800
258998 230748
239786 181336
286908 261148
129423 157913
213644 294
247791 72011
18861 219751
113343 228683
142965 321695
96770 156300
25993 33103
46876 300816
122508 266688
266801 78651
84066 88276
75176 277276
290884 276824
13411 56871
116634 147224
293102 204162
298741 171251
327463 317633
275328 48078
93197 56037
243082 234822
211374 266314
268106 40856
122916 212946
291535 10555
147091 2491
137134 51324
164402 79592
297052 69962
252708 74808
264246 279196
176606 324996
211973 74633
121596 120236
183935 130385
106482 294592
308080 40990
292938 146018
208008 183538
138835 5415
45767 87637
223378 183988
198981 258291
268179 242319
169269 6599
245210 109410
151485 251635
206761 7931
317556 163996
87158 269478
195703 86393
150761 245161
4768 156168
132355 125715
94652 195582
141629 305259
174703 3313
283515 143345
109116 197386
183383 12793
76374 307154
315925 199505
25064 133384
163384 26244
99718 256098
192822 70862
183744 286534
98776 238276
75730 62500
291753 188203
326129 19429
84205 55665
75860 162170
16164 26104
91674 168944
135105 303015
95741 155901
311738 179698
260326 262696
285114 104234
87802 309112
41835 253925
57654 8754
149030 282560
4751 69731
261237 255487
97905 256065
275953 79513
7552 24822
116738 234408
59137 97637
244098 44168
172244 117604
52059 294879
9596 59466
81677 187017
176932 217882
305577 309757
50222 182842
293323 23773
269492 127242
220190 147770
311126 321836
194914 89264
64879 196789
116447 75357
226691 310691
321978 77848
77281 294271
106983 176133
110285 114095
95098 71868
242383 264443
225028 88518
21129 236519
111939 14559
6827 274667
177144 197944
254730 209730
249027 284437
138782 257712
143650 13820
88243 22383
321809 165969
23280 120430
281836 110596
94888 16718
56523 22593
98616 257846
27432 86112
71291 184351
207197 35047
248661 109391
92584 227514
185991 284591
260647 327577
202795 194905
63666 320766
13870 78340
133318 260498
294930 124340
67670 17360
116002 118382
319832 73292
113704 312454
66097 92537
174338 95368
32653 34983
276501 220161
1902 161012
306491 95241
244751 286341
272010 198550
256980 49200
225794 129324
33419 134889
225268 84848
74932 61942
250124 15614
18415 314985
185305 315415
287920 133930
135509 215799
309723 92783
201947 16217
138270 312770
65839 135799
204199 264909
34502 129252
103817 270097
102093 64783
153716 326086
120751 137231
190206 287626
128913 311643
137172 199332
27423 49553
28630 103970
206169 109059
201378 46818
270334 143884
72416 35186
86712 2422
252508 35248
121065 296225
72978 99178
101798 135808
275787 127517
237305 240825
26793 246773
209005 117855
30942 136092
112444 299304
101691 50561
59748 89238
56524 109874
164477 315787
146304 299174
157922 154702
81471 306941
98167 269507
206416 260536
85526 94886
281633 169563
83957 301817
30663 270663
92628 125798
168791 141411
319480 24460
299760 134900
61505 33345
222157 172837
274337 88977
285230 48830
176427 72327
67061 64801
65397 313527
242096 96476
257602 301902
276675 84875
20290 296150
292548 117788
125041 108621
290837 124567
221071 87531
172971 262821
244564 159484
183196 91366
17758 298608
120752 92542
106368 16448
81547 132337
286818 199278
64511 148021
142003 208563
57171 105741
232464 64744
15511 243541
42880 27000
186442 174662
25302 99822
134777 43827
268915 166725
323739 300339
93211 231661
96596 112946
265796 169496
271726 181676
166984 310214
155309 147899
179858 119708
216186 40166
36856 91696
259298 120988
243915 152005
144870 192000
207113 182723
274168 60868
35817 13327
83886 134456
145087 43617
280752 264322
302723 102693
198861 3381
176056 126786
77693 290233
50017 5437
300395 213895
132901 316481
130947 165857
107627 204947
95027 174837
156664 107544
150855 190965
302221 39651
48736 81076
33440 225940
160811 148691
137141 209691
272178 120808
170413 315323
237809 206649
266545 279375
243660 118750
268366 256816
184561 57261
248096 135606
56035 178335
104412 73762
228860 219630
18372 107982
105090 100810
120773 90593
77414 85474
247740 190980
233360 110730
7086 229566
41421 235891
171696 283166
162262 10102
181372 114562
250441 7431
179238 245138
260197 273697
97150 176510
33369 127609
218960 53040
219805 242005
247921 186621
36533 87543
320302 159882
262540 200840
158154 327194
310642 72302
188650 47700
150064 210484
214886 243276
213249 65419
239910 325890
292721 179461
284719 201849
239569 49799
50075 132635
234883 271973
20899 129369
159942 147912
189665 110025
118089 245689
31357 326727
129997 35467
142194 88394
73738 85648
292653 288023
134911 76051
242282 111982
197721 203641
223645 77225
174220 234460
4962 167422
318135 291525
80568 33948
152808 198838
126557 38237
242464 13394
222914 313404
246055 46245
200791 217251
23313 297343
205956 291316
49885 294465
86179 57519
273395 219645
146980 322100
232257 19097
244752 319212
102944 38564
95626 310576
81852 70762
141202 67422
246859 127809
182846 206686
241267 241197
180297 321207
107386 140926
227961 160611
87946 34336
45817 148767
211859 280759
267911 204771
33520 83300
229751 230731
121900 157880
32403 148943
170643 106823
270069 241779
16968 61408
139999 210849
295163 276223
158278 157238
248299 125829
89793 118923
269443 248353
73507 27037
205037 251427
83477 158927
184146 114016
316915 131635
291277 194117
113839 262619
267063 138753
207236 321966
163618 60398
78127 282467
324269 268689
105437 130647
305039 296189
250243 172273
300490 210520
86377 94597
84571 94061
299635 268205
105575 75325
80453 305923
33890 189160
123201 62731
293845 101345
246430 235700
179555 120795
22583 253343
104910 101040
172341 107231
196128 189918
216427 232597
23539 96599
253030 326840
100032 155692
168968 61368
123624 167434
237008 231898
40431 313581
18485 74705
43814 319144
257115 200625
200742 275052
327049 281039
51552 35302
320750 191500
22459 108459
141193 240663
195530 287740
297321 67481
58708 143998
71049 273539
280542 130442
310894 15644
98510 170230
219121 94931
285816 154786
298770 191790
146168 223498
321807 316367
28842 16632
282630 194210
190231 92741
126877 288897
317188 18938
112685 117505
103909 69339
160820 20040
130299 186329
231532 186312
198655 64085
254290 296820
266111 261781
252373 64603
168417 276347
238944 226314
129943 287833
174622 82912
223081 209981
184247 88917
66416 287046
48849 236629
182461 203871
327660 196020
172103 14983
292511 180591
1767 305827
32729 42889
125058 249808
107011 5311
121190 2060
188292 244602
143998 37618
129364 104824
195686 184946
191628 77478
76716 205396
215561 249181
167618 57538
154345 322565
7274 24024
127608 103948
272743 187933
129343 301383
36914 282124
246698 326288
9909 152499
116481 111501
6708 308768
254509 254379
201241 14441
181554 228624
93866 239686
113946 167056
309543 303093
186857 307937
100490 324700
308120 198150
54284 237444
106005 164755
5079 51599
98599 278109
114488 418
93656 179766
250906 25046
264130 68410
146771 253961
299879 176529
81885 200845
233916 312516
47568 113828
255032 242782
264252 35662
8338 308868
66478 208908
108845 249265
312618 50468
58220 138560
129284 247744
272526 226766
163357 210027
93110 59750
203570 10720
109362 321462
18263 187193
47138 130388
99067 71637
86937 195407
109471 191041
241168 8408
208304 26464
172002 196462
6762 218632
137748 24818
268988 35438
192045 232785
201358 14028
183836 201706
274798 179408
187223 314273
16784 215764
259821 277011
288638 160038
250966 6856
151383 95083
212859 29459
8223 70593
176699 106789
298581 230421
252655 16245
80731 179301
47166 176166
149580 277600
134531 50941
118307 124497
117994 162254
122755 181345
150392 121712
326309 50859
148795 69245
294013 230253
231065 94135
57687 154087
137850 7050
98351 108921
180860 277350
205436 179996
320194 156224
225984 213774
296707 181097
124946 260696
91030 24390
108200 143190
149856 163406
258098 46338
268159 137889
280757 250217
25551 19891
167992 136432
163226 301056
70573 185103
177093 197623
206875 148055
101430 188430
221623 316213
95793 11883
130644 45924
204161 6571
250139 284129
162520 187390
261257 55087
175851 109521
144901 249591
17912 170142
148563 210613
84736 254036
135446 73746
276528 152768
5339 107629
325047 327307
278933 24523
283939 225719
194734 234084
95063 284413
142637 214107
180391 43611
111727 206557
115159 145249
4907 67677
297570 266330
257402 206672
72843 81613
247069 270929
253879 316889
435 283185
123572 133892
31553 304673
277611 269201
67396 212686
210990 243150
130549 240089
242172 97232
290080 154640
309480 137940
187186 230446
253157 166277
13351 206211
267934 89654
188674 146944
237762 130012
211016 75526
63807 109447
37905 3625
82734 114354
295624 255644
129478 238898
121583 14313
64656 40756
138388 19828
266121 162931
38331 271241
169920 314620
284991 173701
84017 141807
23185 199155
14427 59377
70299 314549
139743 179823
265703 68173
253682 53862
52311 171581
155686 83116
36887 131727
312468 327658
276725 20485
45937 273127
14061 541
205810 227410
136760 243210
133786 109996
216051 44901
297450 83890
187199 269209
59289 146109
214800 227170
213978 168548
208316 245946
298502 148552
261614 122954
263349 1479
104729 104299
222428 294228
163675 120345
22711 253301
