1 10
100 200
201 210
900 1000
89383 30886
92777 36915
47793 38335
85386 60492
16649 41421
2362 90027
68690 20059
97763 13926
80540 83426
89172 55736
5211 95368
2567 56429
65782 21530
22862 65123
74067 3135
13929 79802
34022 23058
33069 98167
61393 18456
75011 78042
76229 77373
84421 44919
13784 98537
75198 94324
98315 64370
66413 3526
76091 68980
59956 41873
6862 99170
6996 97281
2305 20925
77084 36327
60336 26505
50846 21729
61313 25857
16124 53895
19582 545
98814 33367
15434 90364
44043 13750
71087 26808
17276 47178
95788 93584
5403 2651
92754 12399
99932 95060
49676 93368
47739 10012
36226 98586
48094 97539
40795 80570
51434 60378
97467 66601
10097 12902
73317 70492
26652 60756
97301 60280
24286 9441
53865 29689
28444 46619
58440 44729
58031 8117
38097 5771
34481 90675
20709 98927
4567 77856
79497 72353
54586 76965
55306 64683
6219 28624
51528 32871
5732 48829
9503 30019
58270 63368
59708 86715
26340 18149
47796 723
42618 2245
22846 93451
92921 43555
92379 97488
37764 88228
69841 92350
65193 41500
57034 87764
70124 24914
36987 75856
73743 46491
22227 48365
9859 81936
51432 52551
16437 99228
53275 75407
1474 76121
68858 94395
36029 61237
8235 73793
65818 94428
66143 31011
35928 39529
18776 22404
64443 55763
14613 54538
18606 36840
2904 44818
35128 70688
97369 67917
69917 66996
43324 87743
59470 12183
98490 95499
89772 6725
85644 55590
17505 68139
2954 69786
7669 38082
8542 88464
10197 39507
59355 28804
76348 78611
73622 27828
49299 87343
95746 35568
54340 55422
23311 13810
67605 21801
25661 73730
44878 11305
29320 78736
79444 48626
48522 3465
86708 73416
8282 13258
12924 67637
42062 5624
62600 32036
33452 11899
19379 45550
47468 90071
973 87131
3881 84930
8933 45894
58660 70163
57199 87981
48899 52996
52959 13773
72813 39668
87190 81095
52926 16466
65084 11340
22090 27684
43376 55542
55936 79107
17445 19756
69179 18418
6887 89412
3348 32172
51659 62009
2336 25210
66342 67587
78206 19301
97713 67372
75321 1255
64819 44599
17721 29904
55939 39811
73940 15667
11705 46228
11127 29150
65984 96658
63920 89224
2422 67269
21396 54081
45630 40084
79292 11972
7672 73850
47625 5385
41222 39299
6640 6042
83898 40713
52298 56190
80524 42590
88209 8581
88819 99336
37732 71155
95994 18004
60379 14769
85273 81776
68850 47255
21860 48142
75579 45884
21993 23205
67621 79567
62504 90613
1961 62754
31326 54259
18944 28202
13202 23506
36784 2021
22842 90868
89528 35189
8872 49908
49958 10498
48036 18808
57753 86248
83303 33333
32133 21648
72890 99754
17567 51746
90368 19529
14500 38046
73788 49797
66249 86990
73303 3033
5363 12497
10253 94892
47686 19125
61152 13996
45975 9188
49157 3729
95436 32460
53414 43921
70460 26304
60028 88027
78050 66748
7556 8902
4794 97697
58699 71043
1039 32002
90428 6403
44500 681
17647 8538
36159 95151
22535 82134
4339 71692
2215 16127
20504 55629
60049 90964
98285 36429
95343 76335
3177 2900
85238 7971
16949 60289
95367 17988
92292 85795
40743 53144
2829 58390
61682 55340
53541 569
53826 74232
72261 56042
90360 9117
28023 66761
81 26309
3190 95425
18996 6367
14677 4234
30690 31626
64524 26057
49614 73168
28205 90358
26312 47386
65100 4346
2726 34994
4916 56552
25578 93529
28946 32290
2647 56970
99051 19080
99631 18593
30857 18627
41312 61886
39214 88355
93512 20090
14412 59479
9610 58969
66189 52274
6355 47641
56620 25433
98987 77888
98338 24566
87770 27284
56856 90417
606 72260
25849 237
7205 73059
35217 48518
34945 90783
36873 28458
10873 67637
4289 20483
26607 70478
72757 49314
34471 45729
91100 33459
23618 89438
58025 11388
33074 31233
18157 33681
3493 60358
50270 10699
33417 1839
75569 68363
92622 28794
13173 19847
96431 17462
56682 39390
4292 45791
5057 55115
91521 96157
88574 31491
1947 62951
59231 35021
10537 93740
85054 14030
54098 35325
41081 87516
53516 33002
72231 46139
61796 85404
82338 74580
19218 39021
13970 39862
84812 35379
94977 92685
31536 99904
24176 33483
79207 99759
84857 89744
93499 69911
20127 63950
5236 77560
67818 75105
10563 40049
21244 88711
41805 19934
63291 77375
58955 93614
33589 43768
28993 44918
52805 76882
44822 76982
26717 24030
93093 11574
30126 86593
81486 50253
50543 3074
27814 34713
78179 38377
74762 15775
27088 32919
35710 6732
10294 11017
346 60235
71137 45691
5153 23943
22573 66328
925 49291
6710 94018
77217 36836
96963 75055
87090 63858
78130 14904
98571 72661
69633 89685
4789 13073
22604 56851
19805 49250
67868 36503
9485 39006
82195 14639
62949 21120
80967 80226
86763 87677
90596 63981
40865 87560
39036 27955
67770 33518
59211 66342
22532 45196
72379 27321
58270 94984
84172 94427
44234 52040
47283 70072
7398 45830
1063 70347
66950 82030
50573 53714
86059 57522
34047 26924
45082 89435
71232 29204
22954 30443
11898 45486
75640 84278
89159 50262
79262 89683
61041 39848
41723 8324
26272 49122
54154 27335
35821 37457
9365 2747
91171 11776
60269 25218
38701 21703
14653 9933
50907 53959
56728 62806
15797 48720
47084 21308
15334 42698
10991 76376
98898 52715
1052 25171
18189 71559
52506 54010
9016 78224
73109 16539
90000 33378
58109 45053
55081 89114
71338 5989
59426 28067
85147 75223
76787 32231
96532 92122
91281 23875
84850 90179
76590 2254
15350 11131
73813 67857
81494 99181
46081 54603
15720 52433
87982 90181
97487 59415
79296 68825
65404 38722
96892 50551
30297 90032
99134 43181
98506 90415
67057 99708
80595 59999
1962 12297
87483 75776
80154 68977
91309 42587
39932 23382
95021 44266
13563 8860
3682 9211
77685 69086
64285 90930
35990 94583
97314 51476
54116 95820
41892 37525
95528 38839
97525 97490
51136 1360
89618 47643
70337 80928
6582 26621
4310 17955
70888 34225
26815 74570
43437 20853
60008 7722
11783 12350
18657 9097
63827 89126
21269 22071
26651 33149
60910 40528
30639 28398
41888 36610
92393 28577
33890 98976
55199 54552
16931 26087
88777 60099
657 48566
80952 77017
72641 92735
89368 91298
18184 53195
96776 55805
75266 23428
88954 52528
80308 19593
97278 22197
72555 89672
50774 6445
5000 22325
60997 38283
48412 66127
98382 65421
14693 79334
42439 87334
88421 48159
94985 22957
1354 91761
78762 92972
31541 67716
61852 11850
3662 75482
50399 76217
65154 1173
99015 86506
39851 76364
24790 88263
42491 23172
70037 73537
18859 28828
60871 7280
76987 55856
46590 78341
63970 25352
87665 95511
93069 49517
7361 13083
41351 74112
89300 6506
91638 4667
9364 31489
81032 34154
36104 39875
73679 6141
13412 92538
34969 90636
16170 11956
62844 62760
6649 26814
4465 94314
22326 13886
60183 46039
26969 1535
20152 32621
24393 11790
37289 50109
59631 34673
84264 95735
74548 74295
1877 4313
66833 53198
94949 99355
65155 57793
78468 88156
960 82933
98823 23286
13171 75358
85677 40140
93245 22181
72761 33990
50323 10050
84100 9954
61075 68364
22042 35624
42659 23919
56289 25844
93469 51238
41551 74976
25383 20019
63133 26343
19304 61956
65981 32475
53666 68011
88967 46912
90192 61729
80902 56868
88131 65002
83174 49207
49718 5216
1183 92377
45487 57472
34573 38957
25062 76125
13933 66797
12496 93418
93141 48153
71726 75474
96980 25393
43485 85948
72305 50030
64029 69559
6898 52160
34562 6424
17719 84280
11641 18902
93010 73480
92726 27583
28789 34140
3708 42723
938 32557
52493 10431
80710 24220
85905 77690
49613 29391
63638 38270
79421 27667
7829 2671
96180 58743
9095 13899
43024 37088
49154 52386
10569 58232
79969 55710
92373 30
98433 9663
32587 67279
20094 29649
91499 22351
7339 57464
51742 87330
12086 47515
31349 19915
50186 43881
95011 75634
74133 54387
12722 23287
6773 39643
81519 86742
95354 90244
3124 10139
16259 52063
77418 36353
81712 85269
58705 5404
42733 26799
92734 54819
74315 40435
91087 40853
669 2450
16487 74802
56837 45562
98089 63610
85205 95960
66704 96911
2557 69829
23403 18816
21892 821
71522 3605
2443 46579
25361 61528
73378 34447
32700 64045
74882 23787
4899 75551
42589 21386
50353 99426
66948 64794
63036 68506
77107 46092
65417 79664
15921 88820
98480 54166
5994 86354
74123 8437
32933 99484
86317 6312
33931 19017
86709 25165
59156 91608
17069 1745
12995 67422
1171 96295
48569 80559
64801 25676
26652 46571
5340 58925
51743 20172
13091 74089
6527 3566
98878 55812
3050 85196
62124 53333
4213 65186
78499 63370
56794 95568
65115 86141
79342 82639
82437 44263
63198 63590
69939 6202
26513 91631
65128 78257
11804 94571
52346 34683
98138 51225
90495 17540
36421 68972
87226 40634
34158 65725
20356 90952
77645 85472
93446 73339
68111 75883
17603 47661
55825 87542
70216 82339
79174 35344
60596 7330
46267 29294
42013 60757
80519 48860
94650 33292
17832 81876
90279 51990
63953 10635
59295 41598
96107 52741
14937 80570
44976 32540
44584 801
20083 14800
99492 15609
66496 76440
22939 12763
5735 81304
89873 2606
30164 84523
52251 64349
82751 42530
16339 46704
53165 91986
88302 65625
61079 19591
62547 22407
68484 7131
39561 4919
21931 39053
20528 88427
15494 59819
17543 37581
41123 23768
40187 87639
24643 92438
51988 7394
51320 84680
54098 4486
93018 58752
86463 54098
94695 49010
76505 63179
56142 16066
68098 94425
71472 4978
82853 86966
64797 16748
24547 22272
40516 81086
9912 65159
89877 61900
72553 41197
62932 43003
62035 55951
18107 48498
10049 29154
13861 2906
92334 70003
35325 76784
64428 6797
81763 63633
10115 46560
80381 51014
85185 20897
32100 95097
2408 38329
73349 91313
95879 52634
34316 57914
8585 68775
22765 34986
97930 36626
37892 6616
6629 89569
99752 87409
96366 81515
67395 22833
44428 47776
73847 29613
85026 22300
41062 3786
60629 30763
95100 56508
83397 29416
30775 91982
14544 53540
43320 28826
6518 97565
51794 29499
87134 51546
16908 99853
33062 84303
22686 93842
48432 96534
39807 49810
18834 80869
53596 95815
27984 48696
52324 11382
94465 99451
19716 25361
69343 63037
54187 75861
60602 5981
5360 64088
73879 38620
63941 23293
22924 86628
17135 87708
83162 56942
53870 1996
54163 7466
97811 98500
72515 66487
26234 83332
82290 45950
8693 51633
25339 62880
27494 2293
85213 32854
66382 75444
71475 30323
98738 10751
16951 15873
14811 16465
89168 68681
34813 59683
92499 48977
74535 65014
15464 769
48346 14107
63072 73391
65740 88411
52623 9587
7057 37836
58793 73439
13281 46620
20114 28371
57371 53418
60596 88534
69883 49764
73567 4697
25800 66067
53674 335
47433 85490
17457 12132
15949 80529
85523 81690
85292 38147
7629 92349
92335 66422
82140 21968
13043 2255
50339 86766
72025 10936
91653 58260
77052 65220
62957 19204
31287 32983
19540 78721
34826 36997
7205 67127
33878 92728
65169 19170
47227 72798
11520 39563
39221 93660
77883 68616
12267 28223
55382 84292
55511 47035
42553 32563
28608 21862
51768 59895
71198 87660
54968 22376
41009 62173
89503 74887
71254 54673
94057 18481
43823 21929
74396 83044
31942 52280
68012 44209
96855 39747
44854 52366
3134 3759
1281 31742
41973 69401
91638 13171
73413 62958
51899 14422
41484 57755
5661 29090
28780 16071
63923 72603
38000 38320
72000 69942
6952 40012
30504 3807
79759 75358
72525 82894
79117 90158
14636 21090
59560 22626
50614 32973
1937 18865
63748 43421
76620 69409
88863 5400
1832 52786
78004 39833
7458 66356
26127 14410
6368 56631
34569 86128
48341 23446
85374 27458
13605 10
64901 73165
38989 31867
22490 40926
50732 86238
699 43705
72000 89562
65457 73832
42348 43461
30017 49807
26169 72497
80569 32538
29128 15139
35018 77470
38585 20392
21280 68542
36754 2533
41707 75743
34400 80550
33021 1485
66788 33720
45190 55140
39634 10647
45325 81983
70461 91694
48142 96630
64191 45063
45520 93320
76554 80538
87142 31492
930 8422
34 37685
27308 58094
29780 61708
38644 62802
79545 21784
96522 41087
76925 36157
51735 38602
34492 38548
30296 98986
51530 10840
44049 97051
20512 36956
77589 7654
68448 94872
32428 68482
32557 76088
26576 62337
37797 65220
25139 33694
87005 38014
74782 80282
90523 42869
35236 25015
81417 81884
40353 49299
92724 754
46350 13236
37710 40292
37242 6158
35164 86023
74641 67721
62111 17569
46410 16260
82790 87902
49955 86147
25916 41089
82781 16439
83958 18017
57806 65375
99901 14511
14674 8978
15265 77377
38566 52976
17669 92161
59134 52833
289383 289383
636915 636915
885386 885386
641421 641421
368690 368690
513926 513926
89172 89172
595368 595368
465782 465782
665123 665123
513929 513929
723058 723058
961393 961393
478042 478042
484421 484421
898537 898537
798315 798315
803526 803526
759956 759956
999170 999170
702305 702305
336327 336327
750846 750846
925857 925857
819582 819582
233367 233367
344043 344043
426808 426808
695788 695788
502651 502651
999932 999932
993368 993368
636226 636226
297539 297539
651434 651434
66601 66601
573317 573317
260756 260756
724286 724286
429689 429689
558440 558440
108117 108117
834481 834481
698927 698927
179497 179497
276965 276965
406219 406219
332871 332871
409503 409503
363368 363368
226340 226340
700723 700723
122846 122846
243555 243555
537764 537764
792350 792350
757034 757034
324914 324914
373743 373743
148365 148365
151432 151432
899228 899228
901474 901474
794395 794395
908235 908235
894428 894428
335928 335928
322404 322404
114613 114613
436840 436840
235128 235128
67917 67917
43324 43324
512183 512183
689772 689772
755590 755590
502954 502954
338082 338082
110197 110197
228804 228804
573622 573622
887343 887343
354340 354340
613810 613810
425661 425661
811305 811305
79444 79444
503465 503465
408282 408282
167637 167637
962600 962600
911899 911899
947468 947468
487131 487131
808933 808933
370163 370163
548899 548899
713773 713773
187190 187190
116466 116466
422090 422090
855542 855542
517445 517445
418418 418418
103348 103348
262009 262009
166342 166342
319301 319301
575321 575321
44599 44599
955939 955939
915667 915667
811127 811127
996658 996658
602422 602422
54081 54081
679292 679292
73850 73850
741222 741222
606042 606042
352298 352298
942590 942590
288819 288819
371155 371155
160379 160379
981776 981776
721860 721860
445884 445884
867621 867621
690613 690613
31326 31326
828202 828202
936784 936784
390868 390868
608872 608872
210498 210498
457753 457753
33333 33333
772890 772890
251746 251746
514500 514500
549797 549797
273303 273303
12497 12497
247686 247686
613996 613996
649157 649157
32460 32460
870460 870460
388027 388027
707556 707556
697697 697697
301039 301039
806403 806403
617647 617647
895151 895151
104339 104339
516127 516127
60049 60049
636429 636429
903177 903177
407971 407971
495367 495367
585795 585795
102829 102829
655340 655340
453826 453826
956042 956042
228023 228023
526309 526309
618996 618996
504234 504234
764524 764524
673168 673168
726312 726312
204346 204346
204916 204916
893529 893529
302647 302647
819080 819080
830857 830857
561886 561886
193512 193512
59479 59479
966189 966189
47641 47641
198987 198987
524566 524566
56856 56856
372260 372260
107205 107205
648518 648518
436873 436873
967637 967637
826607 826607
149314 149314
591100 591100
89438 89438
633074 633074
933681 933681
289383 289377
636915 636912
885386 885384
641421 641419
368690 368681
513926 513926
89172 89166
595368 595361
465782 465782
665123 665116
513929 513931
723058 723049
961393 961387
478042 478033
484421 484430
898537 898545
798315 798315
803526 803527
759956 759959
999170 999164
702305 702310
336327 336321
750846 750837
925857 925853
819582 819587
233367 233371
344043 344043
426808 426814
695788 695784
502651 502647
999932 999932
993368 993377
636226 636232
297539 297544
651434 651426
66601 66608
573317 573319
260756 260757
724286 724285
429689 429685
558440 558431
108117 108110
834481 834476
698927 698934
179497 179500
276965 276959
406219 406223
332871 332869
409503 409512
363368 363360
226340 226349
700723 700715
122846 122845
243555 243564
537764 537756
792350 792353
757034 757038
324914 324921
373743 373742
148365 148374
151432 151431
899228 899223
901474 901475
794395 794386
908235 908238
894428 894425
335928 335937
322404 322401
114613 114621
436840 436844
235128 235120
67917 67924
43324 43327
512183 512183
689772 689777
755590 755585
502954 502948
338082 338084
110197 110190
228804 228796
573622 573614
887343 887349
354340 354338
613810 613805
425661 425661
811305 811305
79444 79450
503465 503473
408282 408290
167637 167639
962600 962606
911899 911908
947468 947467
487131 487132
808933 808937
370163 370154
548899 548893
713773 713776
187190 187195
116466 116470
422090 422094
855542 855536
517445 517439
418418 418425
103348 103346
262009 262015
166342 166349
319301 319304
575321 575316
44599 44600
955939 955940
915667 915672
811127 811127
996658 996658
602422 602431
54081 54081
679292 679294
73850 73845
741222 741231
606042 606034
352298 352298
942590 942581
288819 288825
371155 371159
160379 160370
981776 981776
721860 721858
445884 445881
867621 867628
690613 690614
31326 31335
828202 828204
936784 936785
390868 390860
608872 608880
210498 210504
457753 457745
33333 33336
772890 772886
251746 251738
514500 514506
549797 549806
273303 273300
12497 12500
247686 247691
613996 614001
649157 649166
32460 32456
870460 870464
388027 388027
707556 707558
697697 697688
301039 301041
806403 806403
617647 617639
895151 895156
104339 104337
516127 516123
60049 60045
636429 636426
903177 903177
407971 407962
495367 495375
585795 585798
102829 102829
655340 655339
453826 453824
956042 956042
228023 228022
526309 526309
618996 618989
504234 504234
764524 764531
673168 673173
726312 726318
204346 204352
204916 204918
893529 893535
302647 302647
819080 819079
830857 830864
561886 561882
193512 193512
59479 59479
966189 966185
47641 47641
198987 198995
524566 524566
56856 56863
372260 372251
107205 107196
648518 648513
436873 436865
967637 967628
826607 826599
149314 149313
591100 591109
89438 89443
633074 633071
933681 933684
289383 289297
636915 636822
885386 885294
641421 641359
368690 368631
513926 513966
89172 89136
595368 595301
465782 465812
665123 665056
513929 513931
723058 722989
961393 961337
478042 478013
484421 484440
898537 898635
798315 798245
803526 803617
759956 760029
999170 999074
702305 702330
336327 336291
750846 750817
925857 925833
819582 819627
233367 233401
344043 343993
426808 426884
695788 695704
502651 502597
999932 999992
993368 993407
636226 636312
297539 297634
651434 651356
66601 66698
573317 573409
260756 260757
724286 724245
429689 429645
558440 558411
108117 108020
834481 834406
698927 698994
179497 179550
276965 276959
406219 406243
332871 332839
409503 409522
363368 363360
226340 226389
700723 700705
122846 122795
243555 243634
537764 537736
792350 792443
757034 757098
324914 325001
373743 373652
148365 148424
151432 151381
899228 899153
901474 901495
794395 794366
908235 908328
894428 894385
335928 335957
322404 322361
114613 114651
436840 436844
235128 235040
67917 67934
43324 43367
512183 512093
689772 689797
755590 755585
502954 502868
338082 338124
110197 110190
228804 228756
573622 573594
887343 887389
354340 354318
613810 613805
425661 425691
811305 811325
79444 79470
503465 503473
408282 408340
167637 167699
962600 962636
911899 911978
947468 947397
487131 487212
808933 809027
370163 370064
548899 548803
713773 713786
187190 187285
116466 116550
422090 422174
855542 855506
517445 517389
418418 418505
103348 103276
262009 262045
166342 166429
319301 319314
575321 575266
44599 44620
955939 955950
915667 915672
811127 811177
996658 996678
602422 602491
54081 54111
679292 679364
73850 73825
741222 741321
606042 605944
352298 352388
942590 942581
288819 288855
371155 371249
160379 160310
981776 981726
721860 721818
445884 445791
867621 867688
690613 690674
31326 31385
828202 828204
936784 936805
390868 390840
608872 608880
210498 210534
457753 457705
33333 33366
772890 772836
251746 251678
514500 514546
549797 549846
273303 273270
12497 12550
247686 247711
613996 614071
649157 649186
32460 32446
870460 870464
388027 388077
707556 707558
697697 697598
301039 301041
806403 806403
617647 617609
895151 895186
104339 104247
516127 516123
60049 59985
636429 636386
903177 903177
407971 407922
495367 495455
585795 585838
102829 102919
655340 655299
453826 453794
956042 955982
228023 227962
526309 526219
618996 618929
504234 504324
764524 764581
673168 673173
726312 726398
204346 204372
204916 204968
893529 893575
302647 302577
819080 819049
830857 830884
561886 561872
193512 193602
59479 59469
966189 966115
47641 47621
198987 199075
524566 524636
56856 56873
372260 372211
107205 107146
648518 648473
436873 436815
967637 967548
826607 826529
149314 149243
591100 591159
89438 89463
633074 633041
933681 933774
289383 288497
636915 636122
885386 884894
641421 641059
368690 368631
513926 514466
89172 88436
595368 594801
465782 466312
665123 665056
513929 514731
723058 722989
961393 960937
478042 477813
484421 485340
898537 898735
798315 797945
803526 803617
759956 760829
999170 998174
702305 703230
336327 335991
750846 750117
925857 925733
819582 820127
233367 233801
344043 343293
426808 427084
695788 695204
502651 501897
999932 999992
993368 994107
636226 636812
297539 298334
651434 651056
66601 66698
573317 573809
260756 261057
724286 723845
429689 429245
558440 557711
108117 108020
834481 833806
698927 699494
179497 179850
276965 276659
406219 406843
332871 332139
409503 409522
363368 362660
226340 226489
700723 700105
122846 122395
243555 243934
537764 537536
792350 792543
757034 757798
324914 325901
373743 373252
148365 149224
151432 150881
899228 898953
901474 901595
794395 794366
908235 909028
894428 894285
335928 336457
322404 321961
114613 115151
436840 437744
235128 234440
67917 68834
43324 44067
512183 511693
689772 690497
755590 755085
502954 502168
338082 338624
110197 109690
228804 228456
573622 572794
887343 888089
354340 353918
613810 613205
425661 426391
811305 811625
79444 80070
503465 504173
408282 408540
167637 167699
962600 962636
911899 912278
947468 947397
487131 488012
808933 809827
370163 369964
548899 547903
713773 714586
187190 187285
116466 116550
422090 422774
855542 854606
517445 516689
418418 419305
103348 103176
262009 262345
166342 166929
319301 320014
575321 575066
44599 45320
955939 956750
915667 916372
811127 811277
996658 997578
602422 602691
54081 54711
679292 680264
73850 73225
741222 741521
606042 605144
352298 352488
942590 942381
288819 289155
371155 372149
160379 159610
981776 980926
721860 721718
445884 444891
867621 868188
690613 691574
31326 31585
828202 828404
936784 936805
390868 390340
608872 609780
210498 210534
457753 457505
33333 33466
772890 772136
251746 251378
514500 514546
549797 550046
273303 273270
12497 12750
247686 247811
613996 614971
649157 649886
32460 32046
870460 870764
388027 388077
707556 708458
697697 696998
301039 301041
806403 805903
617647 617109
895151 895686
104339 103647
516127 515623
60049 59085
636429 636086
903177 904077
407971 407022
495367 496355
585795 586538
102829 103219
655340 654799
453826 453594
956042 955682
228023 227262
526309 526119
618996 618629
504234 504924
764524 764581
673168 673373
726312 726698
204346 205072
204916 205468
893529 894475
302647 301677
819080 818449
830857 831484
561886 561672
193512 193602
59479 58869
966189 965915
47641 47021
198987 199875
524566 525336
56856 57273
372260 371411
107205 107146
648518 647573
436873 436415
967637 967348
826607 826129
149314 148843
591100 591559
89438 89463
633074 632841
933681 934174
289383 288497
636915 629122
885386 884894
641421 639059
368690 368631
513926 514466
89172 83436
595368 592801
465782 467312
665123 661056
513929 523731
723058 719989
961393 952937
478042 471813
484421 489340
898537 903735
798315 793945
803526 809617
759956 761829
999170 992174
702305 703230
336327 335991
750846 749117
925857 919733
819582 820127
233367 238801
344043 340293
426808 434084
695788 692204
502651 499897
999932 999999
993368 999999
636226 644812
297539 298334
651434 651056
66601 66698
573317 573809
260756 268057
724286 714845
429689 421245
558440 553711
108117 100020
834481 833806
698927 703494
179497 181850
276965 271659
406219 414843
332871 327139
409503 409522
363368 353660
226340 234489
700723 698105
122846 119395
243555 245934
537764 529536
792350 797543
757034 764798
324914 331901
373743 367252
148365 158224
151432 148881
899228 895953
901474 907595
794395 788366
908235 912028
894428 888285
335928 345457
322404 317961
114613 119151
436840 439744
235128 234440
67917 77834
43324 51067
512183 503693
689772 696497
755590 748085
502954 493168
338082 346624
110197 100690
228804 222456
573622 565794
887343 893089
354340 348918
613810 606205
425661 429391
811305 820625
79444 88070
503465 510173
408282 411540
167637 169699
962600 964636
911899 921278
947468 947397
487131 491012
808933 814827
370163 362964
548899 545903
713773 716586
187190 188285
116466 121550
422090 429774
855542 849606
517445 507689
418418 425305
103348 101176
262009 264345
166342 173929
319301 327014
575321 574066
44599 52320
955939 965750
915667 917372
811127 820277
996658 999999
602422 609691
54081 59711
679292 681264
73850 66225
741222 750521
606042 602144
352298 358488
942590 934381
288819 298155
371155 377149
160379 155610
981776 972926
721860 713718
445884 443891
867621 877188
690613 692574
31326 35585
828202 831404
936784 938805
390868 381340
608872 618780
210498 218534
457753 451505
33333 35466
772890 763136
251746 251378
514500 522546
549797 556046
273303 270270
12497 12750
247686 256811
613996 619971
649157 652886
32460 29046
870460 876764
388027 396077
707556 716458
697697 688998
301039 303041
806403 801903
617647 609109
895151 897686
104339 102647
516127 515623
60049 59085
636429 631086
903177 906077
407971 401022
495367 503355
585795 586538
102829 111219
655340 651799
453826 449594
956042 955682
228023 221262
526309 523119
618996 612629
504234 504924
764524 770581
673168 681373
726312 733698
204346 207072
204916 211468
893529 902475
302647 295677
819080 809449
830857 839484
561886 552672
193512 193602
59479 49869
966189 963915
47641 41021
198987 206875
524566 532336
56856 57273
372260 366411
107205 104146
648518 643573
436873 428415
967637 963348
826607 826129
149314 144843
591100 594559
89438 97463
633074 631841
933681 937174
289383 258497
636915 589122
885386 824894
641421 639059
368690 348631
513926 594466
89172 33436
595368 592801
465782 487312
665123 591056
513929 593731
723058 689989
961393 942937
478042 401813
484421 529340
898537 973735
798315 733945
803526 879617
759956 801829
999170 992174
702305 723230
336327 275991
750846 729117
925857 909733
819582 820127
233367 248801
344043 330293
426808 444084
695788 602204
502651 409897
999932 999999
993368 999999
636226 734812
297539 338334
651434 591056
66601 76698
573317 643809
260756 358057
724286 714845
429689 401245
558440 513711
108117 70020
834481 743806
698927 703494
179497 251850
276965 221659
406219 434843
332871 327139
409503 439522
363368 303660
226340 244489
700723 658105
122846 29395
243555 335934
537764 449536
792350 857543
757034 844798
324914 361901
373743 327252
148365 158224
151432 98881
899228 845953
901474 977595
794395 758366
908235 982028
894428 828285
335928 375457
322404 257961
114613 169151
436840 439744
235128 164440
67917 137834
43324 131067
512183 413693
689772 696497
755590 738085
502954 433168
338082 346624
110197 70690
228804 152456
573622 545794
887343 983089
354340 298918
613810 546205
425661 499391
811305 840625
79444 128070
503465 590173
408282 421540
167637 209699
962600 994636
911899 931278
947468 857397
487131 491012
808933 854827
370163 312964
548899 495903
713773 786586
187190 268285
116466 181550
422090 449774
855542 799606
517445 497689
418418 425305
103348 71176
262009 264345
166342 233929
319301 417014
575321 574066
44599 62320
955939 995750
915667 927372
811127 840277
996658 999999
602422 669691
54081 99711
679292 691264
73850 26225
741222 780521
606042 522144
352298 408488
942590 854381
288819 388155
371155 467149
160379 145610
981776 912926
721860 673718
445884 423891
867621 947188
690613 692574
31326 85585
828202 841404
936784 938805
390868 301340
608872 658780
210498 258534
457753 371505
33333 65466
772890 673136
251746 161378
514500 552546
549797 616046
273303 270270
12497 22750
247686 266811
613996 659971
649157 652886
32460 1
870460 896764
388027 466077
707556 716458
697697 638998
301039 333041
806403 761903
617647 609109
895151 917686
104339 32647
516127 495623
60049 1
636429 541086
903177 906077
407971 391022
495367 513355
585795 626538
102829 161219
655340 601799
453826 379594
956042 865682
228023 161262
526309 523119
618996 612629
504234 534924
764524 790581
673168 701373
726312 773698
204346 207072
204916 261468
893529 922475
302647 245677
819080 719449
830857 849484
561886 522672
193512 213602
59479 49869
966189 913915
47641 1
198987 276875
524566 612336
56856 147273
372260 346411
107205 34146
648518 613573
436873 408415
967637 963348
826607 756129
149314 114843
591100 624559
89438 147463
633074 601841
933681 937174
289383 1
636915 1
885386 124894
641421 439059
368690 1
513926 694466
89172 1
595368 1
465782 487312
665123 491056
513929 999999
723058 589989
961393 942937
478042 301813
484421 999999
898537 999999
798315 133945
803526 999999
759956 999999
999170 92174
702305 999999
336327 1
750846 129117
925857 309733
819582 920127
233367 748801
344043 30293
426808 544084
695788 302204
502651 109897
999932 999999
993368 999999
636226 999999
297539 438334
651434 1
66601 776698
573317 999999
260756 999999
724286 514845
429689 201245
558440 1
108117 1
834481 1
698927 999999
179497 999999
276965 1
406219 434843
332871 1
409503 939522
363368 1
226340 744489
700723 558105
122846 1
243555 435934
537764 1
792350 957543
757034 844798
324914 999999
373743 27252
148365 858224
151432 1
899228 745953
901474 999999
794395 758366
908235 999999
894428 528285
335928 975457
322404 1
114613 969151
436840 439744
235128 1
67917 637834
43324 999999
512183 213693
689772 896497
755590 138085
502954 33168
338082 646624
110197 1
228804 1
573622 445794
887343 999999
354340 1
613810 346205
425661 899391
811305 999999
79444 328070
503465 999999
408282 621540
167637 609699
962600 999999
911899 999999
947468 657397
487131 999999
808933 999999
370163 1
548899 295903
713773 986586
187190 868285
116466 481550
422090 749774
855542 99606
517445 297689
418418 999999
103348 71176
262009 664345
166342 633929
319301 999999
575321 174066
44599 562320
955939 999999
915667 999999
811127 999999
996658 999999
602422 999999
54081 699711
679292 999999
73850 1
741222 999999
606042 1
352298 608488
942590 254381
288819 788155
371155 867149
160379 1
981776 312926
721860 373718
445884 23891
867621 999999
690613 999999
31326 185585
828202 999999
936784 999999
390868 1
608872 999999
210498 658534
457753 1
33333 165466
772890 1
251746 1
514500 752546
549797 616046
273303 270270
12497 922750
247686 766811
613996 859971
649157 999999
32460 1
870460 896764
388027 666077
707556 999999
697697 1
301039 433041
806403 661903
617647 1
895151 999999
104339 1
516127 1
60049 1
636429 141086
903177 999999
407971 1
495367 999999
585795 626538
102829 761219
655340 101799
453826 279594
956042 265682
228023 1
526309 1
618996 1
504234 999999
764524 990581
673168 999999
726312 999999
204346 807072
204916 261468
893529 999999
302647 1
819080 19449
830857 999999
561886 122672
193512 913602
59479 1
966189 813915
47641 1
198987 276875
524566 999999
56856 847273
372260 246411
107205 1
648518 613573
436873 208415
967637 163348
826607 56129
149314 1
591100 999999
89438 147463
633074 1841
933681 937174
