176532 991521
360625 740023
178207 867392
215985 534358
224454 518919
39274 26064
349183 394174
10905 811639
381745 79424
130451 911850
167322 709070
284204 212195
415109 408012
404844 861663
287016 2664
408064 761642
191627 87891
57004 915729
124436 436599
155284 436193
117319 593366
440823 585796
33147 606171
229698 620695
70892 106258
348410 668205
36872 587173
53365 405688
430494 769935
122834 640593
466301 569628
201783 208458
319216 416260
24135 464887
264559 198620
385821 181956
174197 182070
97550 717871
366920 160038
430156 680372
9679 981234
302094 372606
335106 433232
221387 114936
269920 344931
381166 641260
753177 556036
710666 178487
173192 817645
490858 333833
59082 945397
955743 490046
671350 407385
59698 29060
785328 576899
778475 333702
698487 293985
591416 323977
885982 390560
578583 202490
216184 312412
975184 969361
382653 200055
147848 555844
17700 152910
889677 590985
98308 359625
81032 769657
767009 140729
798716 552337
231832 91397
400243 444523
899585 991658
768500 299772
382219 861287
502261 112607
687904 477446
81968 70557
191705 744019
140605 723609
896929 544486
314594 509441
904111 909829
279098 671120
564762 592019
737662 796594
197620 652109
755321 97205
643768 38026
396976 540191
899313 899236
652797 101422
890886 248970
171978 82592
507193 826786
806200 918326
371273 634998
427767 275384
544828 221070
460708 109590
813088 712574
420388 10708
364684 689914
622116 522656
727939 533296
62847 141457
432532 229848
242878 837623
993021 929059
434419 500215
755846 754823
418541 127119
389821 360513
402502 448853
581582 377414
72648 394670
89989 493035
919581 454672
697153 55902
977327 425093
589197 554378
80754 21729
298430 323632
373556 291452
252691 807974
305871 522741
562797 238616
649859 466823
599128 566565
915675 180710
943979 988322
89584 548172
995562 523369
2844 692715
579270 494375
632012 168467
562957 712766
704400 375591
550602 77956
667042 803292
400135 487117
840238 477136
725733 490097
943958 324861
570867 373839
19776 29051
362161 109359
577222 357723
146933 580065
564643 726202
588644 196655
17 170
469 936
763 975
416 431
735 824
623 781
411 518
681 840
149 396
272 630
5 977
651 886
271 281
76 688
119 728
840 964
221 871
385 484
348 712
375 626
171 416
186 979
96 618
149 513
896 974
347 741
27 849
10 603
489 962
414 670
454 969
410 850
97 264
34 295
105 522
77 870
122 686
495 771
115 703
58 444
422 617
475 897
310 923
57 106
196 412
206 231
137 389
383 964
95 661
301 497
764 778
588 628
135 666
593 659
237 489
656 918
516 806
354 493
99 934
656 887
28 453
660 826
69 272
435 987
188 909
30 39
56 189
154 220
142 872
274 724
233 389
381 606
115 823
289384 930887
692778 636916
747794 238336
885387 760493
516650 641422
202363 490028
368691 520060
897764 513927
180541 383427
89173 455737
5212 595369
702568 956430
465783 21531
722863 665124
174068 703136
513930 979803
634023 723059
133070 898168
961394 18457
175012 478043
176230 377374
484422 544920
413785 898538
575199 594325
798316 664371
566414 803527
776092 268981
759957 241874
806863 999171
906997 497282
702306 420926
477085 336328
660337 126506
750847 621730
661314 925858
616125 353896
819583 100546
898815 233368
515435 990365
344044 313751
171088 426809
117277 947179
695789 393585
705404 502652
392755 612400
999933 95061
549677 993369
947740 210013
636227 698587
348095 297540
140796 480571
651435 960379
97468 66602
710098 612903
573318 570493
926653 260757
997302 560281
724287 209442
953866 429690
228445 346620
558441 744730
958032 108118
738098 905772
834482 890676
120710 698928
704568 777857
179498 872354
254587 276966
455307 964684
406220 28625
51529 332872
805733 48830
409504 530020
258271 363369
959709 486716
226341 518150
747797 700724
142619 2246
122847 493452
892922 243556
192380 597489
537765 888229
469842 792351
165194 441501
757035 87765
470125 324915
936988 275857
373744 346492
322228 148366
709860 281937
151433 452552
316438 899229
153276 975408
901475 276122
468859 794396
36030 661238
908236 573794
65819 894429
366144 231012
335929 639530
318777 322405
964444 255764
114614 854539
118607 436841
2905 344819
235129 670689
797370 67918
569918 466997
43325 987744
259471 512184
298491 295500
1275 833475
409380 914031
293733 206453
909698 400210
972903 498990
309494 270524
207852 548075
533053 578365
389687 807168
827966 682804
600819 497816
276390 416170
930199 587738
70948 475324
360821 241512
143614 267823
539040 316929
9102 719720
406776 558342
372701 928819
613268 344026
33435 622017
474442 752866
7800 234671
854109 308204
176737 703297
61700 409388
915034 796141
967379 834720
416692 701524
192776 759765
117292 374027
542069 430532
671904 736920
4549 844628
693358 648313
768940 552899
125611 891485
840879 935775
630141 731126
506637 105646
776790 702054
609737 839725
606285 471382
176341 107510
34267 415462
70492 171770
655854 672958
289324 622702
934381 21571
898559 37443
280457 93990
921381 100685
515708 333590
157263 914949
212066 106070
85562 577386
149232 639208
71797 904642
737109 44905
589073 951806
147627 786678
351653 991291
254554 898444
329979 267685
10698 558126
188251 846070
948994 898047
258033 356828
859682 708015
66077 134393
23097 286546
849367 366532
153412 708428
785469 678604
910596 151081
651451 720285
867387 652233
42262 73595
699586 781752
557781 349835
305482 751708
280332 976337
937453 692295
819590 88404
498288 562733
637646 826014
657048 255663
663066 36256
291685 327382
949205 497394
944879 578267
114824 309751
546204 966946
756900 845727
390652 271048
2990 910022
622337 385041
67143 944698
680094 402500
476695 399321
902970 901139
250710 390745
634833 596081
705719 161442
744232 431176
486065 431638
530667 268419
889578 352304
8804 155590
918915 208522
532122 932478
600058 185272
71428 265618
267520 195730
494312 323320
608728 478096
416341 622053
485736 224205
681401 798620
377440 468142
614112 39528
359108 287516
642058 804709
726423 889772
463847 108856
204006 237728
123953 372830
25710 379719
672678 468450
475755 323391
277729 35816
95678 830619
930964 376295
583481 794143
771428 299828
376650 155112
164001 61497
662019 582121
828001 841540
696130 149328
159608 270587
674690 589575
755797 105454
610876 775958
43580 236357
307643 399461
283867 236376
946683 772447
862732 548958
145213 129715
783718 931836
107626 263156
165056 243135
448801 144096
453251 571621
176863 704254
819627 15958
739914 640032
331674 725168
421146 379592
364377 475840
738277 601959
907564 342796
405189 471489
578896 272716
300071 209708
989779 970362
29363 513974
802355 568402
586310 907617
537410 835121
766531 549282
591104 802406
581880 844149
546608 810127
713200 557780
703599 556038
865487 532267
721008 559932
550228 738644
516441 853248
735633 574839
814984 547717
577325 850667
576741 750478
586820 884200
572598 740313
821946 575588
529166 896815
749812 573180
513331 804732
813206 519849
530174 815781
596607 888062
462805 967
919016 753796
683492 363018
331036 612452
998306 710550
728943 466618
38100 748477
306372 354977
128734 605319
213851 276792
963917 233378
970377 147950
958222 219013
509570 557928
980606 984641
235556 207497
351605 445989
691149 513188
689732 507931
347922 277776
256332 418915
917590 922257
284131 999157
838126 957545
956930 234446
972262 589975
781134 594160
443967 884857
761114 301167
200944 481349
110204 890870
135357 627172
760650 275735
335107 452872
640677 80854
985969 858303
392468 820046
435040 472651
184520 452671
562171 526209
607667 940444
952758 437813
82713 280313
767855 75806
350925 922907
486330 860711
470625 647235
427097 176461
637510 378885
177954 786305
905814 128846
742238 714568
702098 192790
961401 567806
698001 94683
601780 792012
169644 471429
514108 548859
602262 376969
474447 353193
655680 952471
342891 612196
429615 402466
295685 718066
645539 387284
201111 268318
641933 15106
99392 678944
502974 834266
830806 419083
251951 773698
47263 922585
145715 931962
120275 372545
565380 235327
433978 808045
303262 236484
709760 444296
98426 555228
170249 574897
268627 605865
940116 72535
270109 833225
93039 264396
363057 562726
403374 881840
735011 991804
527564 593644
870952 245033
763810 922388
177535 972811
360291 774723
966128 129910
975478 749723
573378 545560
385987 494089
403952 52623
154186 497050
579038 30976
122964 980565
793008 21857
110637 488354
141886 645968
492553 292203
747559 358939
806740 690495
346337 404873
634351 434470
148052 463344
82669 816035
201738 346134
490774 987834
941048 690270
651534 402634
433433 336792
132447 385587
569303 972370
260010 898489
645504 290373
971769 202757
110359 779215
574878 976654
700654 307301
770605 111373
848474 645151
309806 136287
205457 48302
780015 895573
192300 433296
763883 482403
668829 477666
639736 747619
931936 238846
118301 660344
705424 336994
813344 641402
901342 929642
391933 634771
272111 297804
537812 439287
373088 444472
408865 553409
136815 985489
841194 793799
528900 574613
43456 293004
196548 630472
720869 882804
61360 252788
735592 163359
875552 418748
17558 133481
212469 756310
861027 388820
130739 692884
796999 309724
924650 626150
698478 153138
166036 49971
987059 809323
442385 67537
852994 444073
394889 91327
198506 618193
383486 751980
16532 501739
834749 217247
405380 638923
617743 615554
987490 858000
627920 878456
771829 629684
263129 246705
458975 257540
292992 932579
696140 640344
751708 239184
886825 763791
517842 643800
204413 492728
370257 522264
901852 517861
183271 386507
89781 458343
5282 596411
703156 959882
466455 23253
723419 665590
178358 704072
516132 983405
636653 724329
135808 900418
963512 22635
176268 481355
178492 380680
486140 548748
415001 900050
578667 598271
798614 668447
568672 803895
776916 271829
763779 243372
807137 999255
908961 497552
703328 425094
480959 339982
661481 128824
752457 624994
663514 928724
618407 354064
821461 104548
902811 236464
516655 993535
346792 315271
174042 427521
119167 950957
699349 395003
706386 506488
394259 615348
4041 97589
552499 997055
949626 213981
637937 702085
351033 301452
142868 481497
655515 964329
98102 70386
712850 614757
575978 571699
930027 262077
999220 561251
725091 210628
956254 431478
229173 350514
558883 745270
960158 111384
742326 909786
837420 892320
123930 700510
705830 778853
182008 873402
255241 280110
455845 968090
406924 31825
51849 336952
805957 51070
410260 531050
261697 366515
962527 490870
229087 521412
748197 701302
144853 2582
123147 494330
894902 247076
194842 600733
537987 888905
474136 793227
169016 442039
761319 87997
473863 325225
937004 279821
376294 347266
322928 150048
713780 285457
152975 454924
318926 901171
156228 975834
903753 279374
470165 798656
38508 665006
911446 576494
65971 897639
369722 234986
339679 643098
322983 325599
968322 259988
117478 856673
119311 440405
6723 345149
237919 671753
800072 68902
572926 468357
44737 988736
259789 514902
299451 298296
691965 210898
386847 757935
620594 268626
504979 472331
911724 340019
309987 392105
112064 939520
760836 231375
379927 279616
576523 129903
951368 888652
198805 36353
357011 755597
25090 616799
270500 324540
427152 474523
47495 813998
232459 180147
82625 249495
652477 506406
589513 474521
410569 213635
414043 171406
445009 306027
963077 533589
435929 914446
422242 146791
950799 291310
902388 487946
908108 684945
812486 847317
159469 372038
661316 391928
552184 255999
153480 716718
274462 742993
191241 685030
956627 117341
368493 913693
423367 331571
447283 859295
758075 381582
518144 220933
672892 420533
708878 93059
105479 33423
452434 264948
405461 625807
168933 469702
881805 322412
698478 668325
577462 401776
865412 46148
519116 233907
959840 942482
77535 919180
313836 347667
812820 831979
568599 997769
764569 789535
602885 870048
822957 55320
647053 740475
681127 815985
210179 74991
650454 908656
289383 930886
692777 636915
747793 238335
885386 760492
516649 641421
202362 490027
368690 520059
897763 513926
180540 383426
89172 455736
5211 595368
702567 956429
465782 21530
722862 665123
174067 703135
513929 979802
634022 723058
133069 898167
961393 18456
175011 478042
176229 377373
484421 544919
413784 898537
575198 594324
798315 664370
566413 803526
776091 268980
759956 241873
806862 999170
906996 497281
702305 420925
477084 336327
660336 126505
750846 621729
661313 925857
616124 353895
819582 100545
898814 233367
515434 990364
344043 313750
171087 426808
117276 947178
695788 393584
705403 502651
392754 612399
999932 95060
549676 993368
947739 210012
636226 698586
348094 297539
140795 480570
651434 960378
97467 66601
710097 612902
573317 570492
926652 260756
997301 560280
724286 209441
953865 429689
228444 346619
558440 744729
958031 108117
738097 905771
834481 890675
120709 698927
704567 777856
179497 872353
254586 276965
455306 964683
406219 28624
51528 332871
805732 48829
409503 530019
258270 363368
959708 486715
226340 518149
747796 700723
142618 2245
122846 493451
892921 243555
192379 597488
537764 888228
469841 792350
165193 441500
757034 87764
470124 324914
936987 275856
373743 346491
322227 148365
709859 281936
151432 452551
316437 899228
153275 975407
901474 276121
468858 794395
36029 661237
908235 573793
65818 894428
366143 231011
335928 639529
318776 322404
964443 255763
114613 854538
118606 436840
2904 344818
235128 670688
797369 67917
569917 466996
43324 987743
259470 512183
298490 295499
689772 206725
385644 755590
617505 268139
502954 469786
907669 338082
308542 388464
110197 939507
759355 228804