601429 282310
560564 571545
652582 141412
239961 549920
198838 396547
341734 450163
261122 367506
681632 655837
455060 513461
101363 434485
11668 173865
98234 575652
112155 287007
92907 77888
715058 156234
367171 600659
438544 211907
456377 375299
353320 696339
209391 552159
377058 551125
286494 638181
202804 252299
578191 657864
49932 679554
376522 61601
137592 474756
637253 249747
45935 14333
327635 45165
170567 694806
645825 609112
190886 386375
268583 544207
366887 477975
380538 28117
313273 667033
666299 516077
203505 528663
458114 253437
492390 118808
315039 629982
593565 236464
163901 639500
250797 491537
684666 421365
470516 614664
314649 661403
285212 583232
489782 652099
345380 154493
680217 658653
105699 630688
458903 309204
443524 201190
562642 220086
319999 161853
134241 197736
398317 298143
121409 649115
73852 90248
354652 544369
704912 669301
489944 274296
536706 263899
210568 166259
418393 174957
109084 524092
89818 567988
117468 533342
53350 680110
37601 373349
126136 171843
571086 524454
469986 692495
457742 543839
66915 96566
372380 56000
50040 146497
330297 586747
410397 540865
37179 112962
715823 146264
637055 89813
714252 38695
623156 51774
2978 660758
425124 129115
116774 280382
653569 586760
257050 395484
414772 323966
492051 71325
379967 542092
217822 710264
413012 628220
535302 450191
25355 535298
596455 662410
625111 594879
701106 532440
646654 704085
477371 355951
117372 594145
636334 55114
465078 177556
450599 164022
501523 226822
235347 165662
53086 453170
160099 466098
365563 695402
200461 390918
514872 81089
337500 424156
675969 322779
240769 606796
311036 2313
246919 428409
596458 167426
483524 345709
344983 218295
509731 130678
445118 29251
296341 498204
482422 456440
248475 132157
436014 448937
523076 235059
530026 144749
659216 490167
467528 184157
381136 62737
186470 628055
491147 67101
79654 258844
412811 424637
477139 206715
555315 206430
235966 135829
704634 2561
592269 237281
134719 312456
686219 657795
547516 500417
86717 490904
274757 554246
675062 655893
616984 145705
568121 392303
212807 647775
651147 625618
356585 412459
116505 196073
618889 352472
331902 607696
355034 208344
129150 489754
520800 99541
431722 352489
599959 518439
127565 158889
356858 86800
98954 258014
232505 667076
650318 445313
599024 585638
355103 239782
282270 471609
435855 185332
108254 51929
77200 463289
260273 206351
237215 65246
305893 668937
417735 190024
471549 545301
348913 112579
632102 447868
370594 148780
399117 305085
594093 282314
174896 233369
522096 457166
704979 242123
642498 97406
294053 3871
560695 554327
210222 82082
619573 516116
35191 321481
706140 506741
150955 339226
619320 67230
71267 274087
216010 470384
579172 94276
36871 38241
327645 558967
495407 316796
85263 422078
414202 379316
425949 259070
217816 636172
341152 121562
436461 376344
443044 426773
167257 593999
50172 70750
661230 121439
344838 161412
591824 208183
255688 628695
246424 583334
471835 26004
184303 557098
448082 598506
220587 158204
141748 438403
78549 482901
559965 515010
143417 287181
225956 310675
165353 276129
381426 110755
397569 10436
272168 273565
218619 527857
186433 465044
395363 658268
491048 579666
499539 223302
462345 4298
381507 604094
442701 460057
371167 286838
259240 514585
574020 485196
109432 23545
45498 490858
134301 443067
501295 406469
805 4086
218498 187239
469130 613861
129680 244351
477700 629219
467653 224218
633517 133333
112484 360391
593390 483652
647230 136803
282409 505422
622000 391842
528967 667498
166872 663268
394738 668168
353910 395543
672254 572408
582783 425557
470442 712463
669908 232315
625855 421734
456534 543544
555068 569018
188108 432631
336842 119510
569434 619252
624933 475606
295266 438072
427276 462139
385513 106187
414479 23596
501731 370906
596004 368686
80636 350619
365322 34717
582935 275349
456452 323641
103066 295692
176832 291174
12495 513675
410685 581930
417100 319790
341708 712366
42035 53157
458678 427549
159344 157330
451145 661076
528236 331322
313934 608873
681942 679256
643590 549049
238778 384215
156863 341844
679907 333696
633019 692403
131544 327877
558506 548644
647667 184386
545183 689703
237544 288033
401425 396889
445364 136742
342137 257773
468065 656072
150818 434179
619501 78581
267401 142451
462797 424265
484296 426877
42133 401487
403453 173678
13536 246131
6495 661204
430518 551678
635080 668062
123884 320677
349124 569248
457420 691261
111194 209658
631506 262013
643837 535179
340594 195411
677631 87564
619677 446099
514441 661811
131759 202066
119661 145296
448197 126156
90673 162887
677835 9925
115122 85891
330603 464246
655140 72196
439680 50506
281854 355359
312519 209864
174711 653114
405276 136514
24850 309125
582614 539292
255108 714374
25531 374770
143843 473728
500927 234516
636616 462934
244442 35911
548826 575046
500158 488138
647242 224010
538645 213268
579370 135337
423133 38253
72623 112581
174768 97474
421707 41555
636766 676816
40102 662298
335759 183945
420198 120858
418462 340987
583792 662904
376899 416790
522123 161229
189101 453537
385240 11918
666806 248783
147255 374112
287036 219879
486694 461804
317354 192573
503360 238293
153562 543462
184763 489321
11580 604962
610179 430042
230122 478144
377119 607022
179107 183415
52424 368209
636952 437664
380128 587931
686448 527384
246215 257656
31435 17081
3633 348790
209655 506994
587083 363217
334628 56019
136711 346208
660981 31063
60423 175276
509207 437543
66470 688315
620958 118894
340696 542083
556559 4996
414187 527179
532380 660402
69008 563816
677484 72642
196778 171312
579636 68034
534530 198437
124053 671241
544646 69207
702304 605069
244483 495684
326785 310954
468171 231916
429849 93040
58171 270580
98036 472358
81932 630417
416933 150941
478406 378590
223584 675184
549903 87392
27391 368605
285830 151444
324019 114648
220651 310496
3890 465135
90353 330676
60261 558525
562592 490110
651565 620764
44863 33774
377294 126796
664192 78400
277738 426770
456991 501322
386127 291066
588715 413518
659671 158717
564962 267863
273365 69786
578359 277256
534921 668712
607932 595183
511410 454696
369466 447147
359632 414330
480922 21099
541126 429286
99500 103037
140229 556491
604360 526356
131730 477247
224046 75574
635965 73181
343437 193502
142967 205969
470759 677889
158854 362863
557245 670264
101732 210883
401584 461365
625213 166679
482465 450512
595965 581965
553550 20367
422629 442082
546723 554360
203502 54942
629934 123639
128123 257544
317142 271091
463514 72073
233153 622369
434937 74570
576806 536669
285454 262563
282207 194840
429242 48844
645353 309380
630810 483076
329747 337612
209330 160642
176144 412832
215585 90251
536472 343708
347796 137786
614800 95482
209860 132125
2024 644797
206696 578830
465639 492151
125565 32018
686991 554807
80862 616517
148360 711673
383765 478107
333457 593096
638750 509602
290101 138507
599853 110746
482216 231822
248532 381188
327304 458393
513314 329329
387362 4182
192331 137174
496333 317897
169192 467497
156877 250055
368187 305237
245901 36125
67516 579358
629221 706267
373133 203495
128946 257158
314241 611162
488980 562774
276523 100457
305339 74009
429786 692702
78192 622118
114048 574526
224187 283241
326195 381065
533297 694383
686302 63371
14680 37991
642729 643902
28430 300034
131569 157377
557193 445811
52712 330346
292757 329235
430804 598097
403244 144763
574972 481437
51054 689020
340135 275242
256434 666331
656307 73904
644886 626782
137275 659567
664773 64177
587641 693203
364212 3383
134753 205578
449194 187465
535924 26124
516700 250901
624222 204117
395664 483366
685555 446719
456559 309862
6133 712994
260366 662441
71071 189425
573395 208346
133164 522340
272524 4977
499716 636736
8361 634469
126487 457556
106107 662411
483680 622807
197485 392075
111097 593150
159613 80824
324041 616173
390687 330175
613339 651053
276788 684410
124651 134356
176929 257815
656696 449453
262793 440585
370362 271155
359227 496849
12883 465335
443433 496564
372315 640919
172811 483412
518241 332425
564237 126455
232770 239097
456631 130282
174323 17591
98865 298975
151947 275795
556790 92816
9421 103756
533402 379784
374911 176802
160805 387794
642137 604239
168531 298624
529330 341342
66209 331744
673767 630447
458200 190710
153717 199003
320993 328041
216595 419859
627016 368543
695654 467979
461359 705075
571735 278934
369032 230819
455736 529837
618614 382045
418249 71317
680670 231752
412659 31051
563497 370600
661499 305869
561310 99389
504873 166476
427430 5640
586335 338619
374183 566162
90770 119715
555410 662506
398650 208614
177498 138558
22624 80284
520604 440874
151602 485446
672627 564262
516498 520296
219034 462170
110338 64517
561559 615212
230993 273161
620852 101501
611780 279208
667664 702551
398924 507246
649230 81746
100669 110900
220305 22658
191185 25081
463532 342787
510528 420331
191222 311198
224800 410256
57541 335139
474773 619100
234523 705767
176434 139548
91441 72387
418757 43278
59110 101854
550524 708341
183601 550558
103414 403907
573216 294599
428988 320921
637387 223689
25425 112782
534888 250226
523038 592429
585366 281984
495701 104062
271924 672136
243610 363366
28695 662368
406644 87806
48395 241341
80319 231997
76072 183733
635904 649289
478333 349065
254382 399893
572754 279808
512675 391815
530035 319886
268417 399573
601871 48291
503635 157967
4599 31418
521334 33295
693787 212151
121101 26355
453492 201421
258352 529565
385155 178428
463026 147660
527494 1581
547554 384421
281389 344402
60408 95597
664288 328826
495170 550331
377117 282978
708299 381717
314396 513805
415012 292356
10129 536113
318711 463621
21706 577063
277359 406861
39664 24557
554522 567158
26139 386249
235751 307529
14823 296160
403126 679111
624986 182469
513615 286276
465447 506086
667993 64016
304064 367177
356372 314193
187463 675083
61987 209170
536319 339347
616032 575984
363904 454726
427314 390044
125148 663066
697573 139971
243399 384871
103255 152558
567340 616870
438835 316960
407129 391000
380976 711194
42350 21521
309560 229814
696605 371548
438984 517097
710896 339188
377253 358973
78087 88740
33189 203235
35979 14934
343207 279379
399806 446462
431938 251319
347505 154945
568280 38807
545946 233429
34174 588297
254950 343735
102283 235728
715284 541268
36997 710352
164628 414251
353498 242716
502992 386687
445952 538972
401622 73331
102523 85601
519794 534462
336921 151472
689408 189374
190280 519527
422803 224455
391996 677753
568190 494280
197654 567647
319720 234651
562172 484349
648903 199843
11237 436067
586530 457190
259211 272325
530521 361735
357927 334487
180370 694848
485960 153950
168395 676240
673477 591198
184867 349646
553124 37230
128098 34950
604878 447819
269602 451222
216340 202678
651065 227578
638745 521768
684768 182129
78266 499462
543865 436193
118122 8407
415214 604082
162357 583609
564495 120007
458980 33534
469653 296276
70765 597752
331227 675643
329743 600830
411038 546084
87681 346276
57835 10599
152217 26776
192729 230483
526238 20766
666677 644361
29174 366064
532616 191532
233846 381283
311539 692826
414817 65365
273275 485582
663117 604503
445398 277033
489506 140608
107289 577187
486884 165125
587786 639101
191901 64688
153757 2312
85454 104607
646674 114628
470672 463462
306161 704518
128917 617700
681518 543735
683065 238966
313490 630355
127642 43061
191560 617148
183669 298850
478508 670554
463975 350467
593828 655877
415155 31758
658190 500610
136366 589036
615238 607038
336671 205572
595729 465589
107444 561419
293497 74682
84558 606988
705038 212200
650049 180771
113521 117891
479621 592029
72617 227769
226669 666445
167819 641824
698204 110182
426606 118742
699219 326017
9953 320062
531589 605683
69824 639034
451275 363322
713717 535833
254482 702928
32205 188704
167871 145726
306595 647493
21928 379212
159435 248597
329830 327255
174594 312207
437437 601200
430950 420828
211390 440903
25063 27152
330759 94888
666187 66206
458210 664077
602039 712692
651178 634245
185569 103222
64144 492164
34888 86073
155549 194324
334670 485379
521579 509264
81759 243189
394637 512709
664018 606028
237785 689082
633180 568544
68142 583540
634750 526353
531790 520962
523218 467140
439380 708787
570363 503524
485123 605251
589598 640672
83747 208440
410224 605327
1877 491984
132689 396514
288865 80879
286714 526650
54134 204067
379367 122277
71780 298289
648630 603571
103424 456020
354883 542804
448980 209419
330501 218276
98842 204272
143121 182590
412712 553346
72090 414589
329502 204780
95276 618367
285659 381991
429190 339794
586059 92730
462071 657840
391019 394874
545583 494444
135067 184639
321421 584047
394058 651923
86496 492901
140367 229617
675492 553079
67135 31755
251842 396638
236535 347118
299178 522195
13282 12541
146161 599342
105271 608233
541354 496291
287279 371110
274907 422346
555750 596328
290566 233981
532424 377063
11055 672791
606680 686547
510043 673816
2475 46057
354626 239010
393176 653805
45378 406459
666346 191540
289973 55789
83945 115500
552080 371225
486611 111160
77744 326533
707488 368311
560515 524085
29546 571570
481048 636227
542290 275263
594216 544765
321321 233015
67948 714497
170992 113326
405129 121510
304866 695102
177300 388812
94775 13552
44209 581387
124712 121954
192093 116373
490265 36780
640458 519812
608350 405679
440211 434812
680943 318599
263750 286436
551614 331699
285106 6778
445025 690235
128289 34064
669510 305589
422877 48458
319142 467087
629845 443855
589041 106111
560229 363479
142891 484860
167463 35414
174711 607675
470227 139827
210446 18149
426264 46233
349848 711371
53012 79046
685779 181302
113111 639462
486891 535989
687920 90205
287248 601938
534060 160462
708049 378462
523941 135113
147494 691405
170527 322206
583252 640755
462033 77871
658904 172469
124105 292925
168012 177117
371972 137964
358419 485084
1 999999
1 1
1 2000
