114172 105722
226480 278820
13258 408603
190751 90642
316812 422773
50722 304314
8408 61385
175134 95663
23124 314451
283123 118584
117814 493090
99425 94074
363020 148745
277068 267504
481460 105298
204345 440861
498739 67906
280102 101649
490776 1395
36838 438207
109439 403148
114601 252367
42942 230705
40362 454720
120800 82669
47310 455188
404492 272992
276432 342164
314429 183376
138774 277179
131457 226255
380938 18862
76813 401709
488666 429914
118324 285681
483746 213881
172602 343954
418046 474677
473079 226663
445109 491171
51973 161430
254549 351551
40589 229763
387389 297766
326857 180958
11521 289034
21605 10520
125619 405216
175774 305976
377134 275813
259636 341979
225409 238374
62064 88713
54469 401350
392966 182859
41727 210682
275260 498806
118611 496907
194078 249212
217047 310099
430383 38744
181745 133661
43762 492499
242410 304814
184915 481540
282294 159546
112148 71957
309884 62877
58223 131009
39093 81460
443954 34142
309956 104890
363194 130062
236626 224481
270204 37558
452375 133910
384848 467381
132345 224735
493680 85242
113943 411690
65697 457892
402071 37545
420377 353210
141785 475404
82614 97405
264511 267521
434228 327643
465615 314001
324979 316825
450896 252214
437355 88721
497499 248321
408858 286319
310755 455977
3134 203973
422646 384121
487004 44833
469847 355688
314306 319051
109734 132146
239416 355343
81263 124960
83435 158813
494292 414389
54242 311239
335711 48481
277949 276604
413642 300676
33789 344226
22006 223134
97051 14626
496938 444725
85397 409142
53775 227529
272756 263295
338795 313813
481950 246066
3391 66586
392315 232456
310035 331191
401789 245127
309167 322818
64305 72378
484069 175388
82788 64392
446798 70951
375640 307386
282422 105559
350365 276226
481097 237518
211767 170043
67917 306985
404191 442516
39015 212069
137328 48767
39046 375906
373358 144151
369981 141643
159532 386771
404027 187791
274779 115144
284560 465139
321519 495215
438071 18215
134582 256791
387460 369221
197980 368468
152379 410458
157265 432256
145893 472407
490283 214364
428372 408994
452372 66974
459308 168979
43395 37349
95684 402981
453468 205254
21520 189353
231847 237396
57425 448918
289161 298495
391233 58548
287012 312600
191225 66592
490957 125371
311990 259403
262969 378325
379591 127472
47696 369413
447560 32176
463207 340801
148075 79669
441345 4349
323773 367159
275448 188060
14780 378626
423905 262609
392821 371969
486836 486111
279714 117660
420213 87382
261044 320135
276779 293222
107513 477511
66387 93611
246217 312634
209699 330227
382038 239026
18687 188322
55343 109015
174945 369730
436376 228124
292563 125682
498985 309745
346161 432100
386752 187193
16644 397156
283134 196428
357347 1157
423862 192036
111449 482184
44647 161526
17901 97423
40159 358530
27566 109742
421253 284234
13885 171847
296597 208126
303084 306194
72155 234143
167809 407879
357340 186331
325031 129816
190243 309329
454168 144797
145973 453322
304589 117393
171923 40520
93022 260163
101715 190819
100848 93263
235588 417964
168871 474311
139153 294367
152872 116221
404749 422662
347097 164757
40013 445167
404829 464652
396827 168580
385233 403410
130483 180591
233969 185296
83636 87502
261331 54487
222610 207530
16201 356037
314567 213157
366690 396016
423278 327706
89035 338095
18489 246256
335213 352827
39281 469097
496667 418027
125382 207086
206655 53898
432019 442612
26961 364911
473716 107299
246029 51985
300321 168154
175095 53119
494603 197543
366438 168383
494918 239221
293645 426062
88715 472556
227595 50747
93073 320168
313859 201295
237006 240393
207300 156835
86894 495296
47898 342378
11245 187403
68137 2084
163838 313881
206810 447885
275374 495601
266657 133896
182924 400307
393989 332943
493703 194092
477312 420531
75175 123425
458901 203702
186971 51160
28415 367498
21795 444297
220834 450114
202274 438688
72367 299329
388603 186447
197437 207433
87887 225535
437455 369636
20242 97773
97822 461795
488984 381517
233441 487330
122674 198257
464980 100303
105287 98627
408253 371907
87476 32606
477290 430981
376640 361140
78006 75673
236456 71982
43883 323000
187544 21243
77642 435818
90105 133944
453624 242570
6656 61829
304447 44219
388396 314747
462474 84870
2267 353093
51711 447857
217447 53150
329015 327437
299781 334575
154791 417758
220574 69859
432874 155371
172212 179292
396854 249327
497227 51749
235848 333776
79703 121593
246562 181980
418352 75018
470459 227802
99095 255386
124950 150954
211671 386392
65735 495704
409556 234363
23791 209205
295411 286539
444961 105286
125286 430889
422686 82251
463990 484831
455182 449136
391311 235166
77161 443890
154177 419584
313211 459033
283394 301336
375028 125652
145249 162924
77909 244923
178058 172151
83286 97892
171643 154422
283521 408853
383754 338855
432818 185414
51637 132635
493798 309251
449184 417915
113146 105504
60572 258692
161709 175947
189789 251249
374528 41282
402115 51069
304486 101317
98431 361586
59644 88248
256104 375692
128763 57957
431270 319598
12143 36918
6466 360509
365604 218257
384859 204445
434321 79443
377742 228674
200144 476283
405473 464377
391188 153097
333727 169477
305650 197350
296686 109036
283199 258531
216734 491165
116733 345670
416213 290084
234899 215672
231017 424803
101503 265485
378028 451818
471772 445174
498844 73294
417416 16051
300780 358393
382530 488298
42756 124721
460584 285888
268521 429313
89134 103115
172515 74140
443313 36664
294758 439811
471799 399928
380268 322965
259645 152124
205846 267778
221247 103801
472423 150094
23643 492435
484742 493863
115485 157073
291782 173898
290217 379357
241131 286396
343356 499777
8417 49240
93232 162617
98939 127781
322153 490821
82822 268640
60678 142880
417254 63973
81534 57845
129855 61743
491662 251709
385664 283717
411027 288634
36982 12224
404981 13907
160031 459157
93377 301982
315332 136266
194062 442625
329721 404471
171003 360898
287101 291764
148007 142634
132295 234175
317837 316034
337790 412386
223535 22144
456684 327726
13800 92248
86821 185633
77566 138567
300868 32077
344193 56166
455026 419041
495229 328612
475060 158811
371253 227655
232538 463666
473042 398106
466424 457506
150162 423085
375590 188987
342050 271921
6344 371969
86747 43276
385746 128373
440669 129410
6239 10974
459160 344022
250071 39261
472012 175742
152972 390150
50791 152075
45766 247166
305458 324512
79834 126661
466688 114488
437774 267681
107230 192037
154153 393310
330736 194206
422875 325607
309754 428711
47508 63724
185877 249787
298791 15339
54551 37825
379601 105234
44625 162160
461812 471668
368444 457225
351764 401127
162153 96297
261458 45123
457831 304219
411154 308869
229195 110687
265690 101006
130800 309107
111621 385982
307062 452523
415204 186253
481847 87730
462283 340176
452008 1468
170286 433260
98961 28435
179820 385408
101225 449907
378794 194829
177850 193833
385494 310494
417734 432568
218729 29352
53060 262757
412922 191908
416433 443407
193959 280396
280766 162798
17616 307427
318567 2645
286574 119814
32992 168811
404291 432251
206890 161845
494416 48529
188027 367792
112985 324235
178781 59930
107273 474130
126813 15503
429973 329886
319586 368014
200283 109424
370049 435244
114519 167753
443434 85966
448029 61082
315798 234159
357464 70860
173823 278556
487878 102515
462350 237471
12675 94816
61205 464121
186045 250129
126117 166031
267366 23251
59871 493602
284918 387099
289308 207576
42307 427206
311374 382863
35162 303790
337172 257083
37940 60127
306771 186182
41097 148984
69557 226611
467410 395108
124947 123795
172892 411042
496562 450028
142541 236007
69277 301396
24066 173143
53033 333000
203753 459093
149912 484467
17834 11742
491693 23644
409953 66851
483934 15353
390794 32392
339644 4234
29406 360601
310649 85943
407486 162058
428028 129345
497605 163553
444305 203875
284327 442080
129598 260830
133155 150955
111466 315138
426446 190914
63978 275023
327685 468961
245335 170968
205933 30795
155362 342551
250809 448877
434285 151927
135008 397462
52435 6156
236143 348404
346852 387057
412642 277087
45263 206901
139401 176534
80470 131004
448135 39552
238939 34178
84582 283739
6211 486986
90168 362203
368730 99874
139268 24084
306786 188522
414843 363235
266499 62118
85040 420913
30085 277785
51234 188842
113177 448978
74038 392750
105510 143491
147958 423270
237035 57506
87669 221041
395383 6203
209278 315922
342529 328522
238494 66404
478672 63943
154272 444650
179484 222534
81294 464997
489323 136007
77553 59368
287384 247165
224337 361670
456446 267864
315089 475146
74526 411502
156871 361524
218636 385044
43615 8906
116816 7737
333835 6534
109677 208888
267160 78866
185960 245508
183832 8857
237915 272070
169209 210885
141824 389317
331361 497483
306547 496760
434009 320825
448725 174420
449324 459863
47103 423345
265538 267102
200418 401588
282833 185149
463384 302566
457651 292534
163550 236108
10331 140699
208121 388996
493923 99654
474341 361447
233029 338473
39615 398722
280698 428609
248256 262935
8696 372978
430638 219139
241861 131798
487443 41886
470801 437383
26849 83736
128857 364386
295691 285528
199027 249461
276985 49774
24462 134829
35684 143140
132182 443989
182116 241733
143823 84561
188308 383798
439499 113254
236200 448440
161290 490974
298783 336094
391378 302295
255231 286743
416551 112838
19384 235244
395540 390532
417223 269641
478582 122300
383510 127963
489652 416420
460311 241757
170934 492599
70881 110502
206411 26766
111227 270031
286867 335643
48614 300233
352104 357346
441422 202549
347857 308585
97947 66178
364681 276477
473092 233370
383971 333543
361392 168870
42330 48168
482380 436266
339653 499596
170052 84936
58585 96499
72018 355245
333412 141205
35903 416794
304984 177871
210676 364774
124942 212201
318774 412855
227278 392759
61277 137554
268189 199468
202818 248618
446225 93617
45555 182782
53866 445475
242219 344052
78974 370573
217111 42755
469959 373792
360912 117653
302053 421550
140234 360724
33709 236735
316083 202567
321984 238460
96764 157888
473608 129265
260199 275176
44538 166112
68249 282409
364914 138309
161358 271521
358639 15465
65662 118354
447205 121616
466702 391972
75942 37882
3959 267435
477485 235308
18673 419529
192100 192006
443725 41461
97358 454254
358870 2132
260725 259924
147180 228370
317785 454419
179280 174392
296071 494230
20825 219743
349947 351315
305634 19119
245448 102656
141962 212699
135716 413712
222678 494040
197387 1889
191389 324035
56262 496730
276097 74105
116564 397230
239507 79537
422303 63468
310880 484756
21507 369727
458129 366319
474521 289304
130876 426569
146098 277428
455230 61105
247655 368009
289319 316647
250885 402388
54929 172334
276784 263813
345076 197158
375221 400080
469953 458974
249325 278563
344394 86403
446243 232837
438858 113953
331252 428119
412907 172821
285713 393987
25254 225074
21057 247126
467661 377300
180727 354295
401335 351325
9965 266295
183942 434203
309317 287373
62938 177467
151925 31351
476654 266485
436955 255691
48428 334782
271885 157769
381018 55306
424980 163835
358663 100890
165866 40451
342363 29516
216957 410633
400296 316509
271368 462485
49771 125415
93993 296828
399703 482059
111593 472115
73337 292173
115009 369889
359771 121989
242033 22078
189819 343295
283013 12651
256847 129740
52912 490438
406436 379535
103348 207385
300079 431201
406017 327062
317582 433642
324979 31957
200445 429587
209420 194874
54223 112319
280787 69722
21708 319594
158619 100038
210742 135812
367922 39773
310590 483746
497598 130197
258994 300487
334215 79208
328406 308818
278340 44917
84345 14810
161659 234040
331442 385218
222293 87480
403449 184117
462993 340399
472331 177231
412311 12154
448543 344544
432382 102665
19696 377001
168592 446094
428008 71543
16233 300166
218333 280162
87110 330005
397980 313343
95137 179093
237183 145982
344085 306715
304761 424759
92975 211266
277381 129942
494972 51792
82809 301748
54193 26389
37621 1607
121520 165352
318062 142084
355253 449443
359130 485707
305387 369191
111365 482562
341302 199844
497497 189307
31847 378389
401768 288102
304044 434028
93628 202956
252093 441527
134461 493165
341851 438083
41098 88703
457656 168644
283106 20856
268121 402072
72162 92884
245456 391095
361338 430103
358899 332705
9680 46557
477000 422439
183197 466321
355783 285976
257248 41476
260241 214489
257253 415930
265114 226426
224771 94508
107615 27692
324207 290130
119489 444655
11762 138366
248774 359947
172702 488325
492592 89744
295627 301563
201525 3023
493147 216575
183370 498205
497205 65465
329496 220714
154287 61477
110569 126118
420818 11353
240042 167868
412308 244866
83638 16088
191116 495352
907 294424
187226 209720
241028 355660
433960 214161
279155 103621
166341 312663
71889 308839
273625 249431
130897 258489
119504 23456
62193 427348
343585 303713
295307 155785
435978 156868
131289 73279
133140 465854
471473 211509
17654 287321
149911 409752
117155 468729
181567 227134
288384 121686
455653 141253
241181 27209
448876 330700
204197 230638
406929 310270
459212 469248
144192 111902
274167 163950
141421 81875
146355 497979
479084 195330
226704 100117
330060 72893
333673 47716
249573 120977
81012 305708
342515 407296
337467 321753
58709 26180
8511 304830
365242 304471
480262 224835
371585 248117
493963 284089
138090 131984
225772 28219
381287 91011
431073 383456
100481 479505
175088 230184
289311 127179
412347 148414
363183 435515
496377 199912
228950 26057
97950 43780
46693 373448
485353 317602
185171 30364
173338 54593
152241 178895
78768 448732
389502 323522
30444 24465
256431 474528
268215 215338
293435 157481
432156 6772
445545 24375
486490 152224
348874 235102
44875 29090
30504 124080
163781 460966
449125 466216
348912 296256
208528 408804
275963 199629
8971 341520
61488 482450
462486 135397
332243 371064
287312 293434
332097 387691
113976 120482
374440 497695
180920 38075
95014 359126
71120 141098
185156 395665
342801 17477
88699 2517
437128 229535
27103 486259
103692 186205
176864 334313
270606 419009
360857 107464
300206 11496
230978 149684
413659 121807
113302 413588
238132 181074
458964 6927
428782 446560
194025 75798
144422 137782
189864 353628
310560 386263
81936 121493
86365 185162
249231 444960
263200 433700
429375 375389
461475 33128
185011 329526
459902 305910
255968 90205
286601 277882
228692 303118
325086 84324
429504 479853
139777 435194
1478 355803
5498 202235
256091 493013
233329 271208
100244 262710
321196 336218
126868 289976
221759 299896
323063 93915
112451 383158
293525 10675
472903 441316
419045 43816
23558 329519
469906 46751
155906 459804
372268 105388
389591 444496
81959 155590
124510 426245
354562 239707
17106 353691
113298 379185
199174 73564
106912 316132
274810 174952
118636 355736
76544 39573
134246 223543
35212 23018
102370 236872
219798 116325
223377 178015
133277 314610
84570 48376
208356 250103
418854 377329
133092 430606
301639 457328
150500 161193
216502 277702
318555 416949
113917 33525
387402 77577
359406 393136
449122 30912
317492 218096
342076 201692
246112 142765
446600 64379
182473 337187
491781 154390
85796 396598
304030 776
165012 123612
67378 265242
60192 495052
132653 187282
365320 334358
208163 203330
377022 142657
387987 328981
428948 176839
425691 67659
224700 201328
441027 236575
213612 381787
355107 181336
263081 33593
285582 384316
168811 385668
397495 458661
410017 171174
297775 459786
504 210517
481769 339258
308484 209302
88697 212167
318129 254083
299616 408397
484044 452161
116262 30650
86211 328174
492005 447647
327422 459854
347258 309614
327830 408089
390779 284990
161936 272281
385614 282217
152222 181036
43856 438555
280575 210310
107897 129049
303769 106414
377534 173092
462475 279651
472067 293472
54645 325863
474435 213347
103553 327801
290484 60305
388396 385965
70591 483459
221088 229473
383202 79479
46696 361488
195 366536
216983 880
152560 141311
136569 92060
441530 103541
409503 368273
245074 135036
120327 370177
442591 75629
468236 441135
91666 247244
135497 43418
329914 339083
12046 265393
242227 81844
216997 118763
229135 406984
254795 157071
35547 8219
118834 81920
50783 396751
208578 341753
270604 169195
57581 269527
419837 287699
79262 50253
170261 205475
324908 257135
152546 157761
114073 345886
53347 378174
341422 350862
9043 393494
286008 83721
256174 396092
349093 395605
75258 492536
324838 27224
469483 379377
64523 237696
252654 202629
229459 272660
281841 16209
240322 304907
459291 366372
21371 256663
345507 94145
206876 391677
270747 465824
124030 247351
205783 212774
91736 362469
354396 486117
377863 344388
459855 109312
38939 111130
175577 342201
325692 138374
36157 153793
375480 239161
79151 237875
28339 304961
10259 195471
297247 40776
474976 451240
295184 34081
498305 67107
271637 7646
480806 165715
339435 319679
294005 178752
479166 191218
1138 90753
492867 260340
40209 257682
241299 385498
345515 241405
239825 146199
351073 416123
6789 218192
114801 370868
455214 232534
425825 353406
93785 363087
208957 175154
356282 225419
320170 124194
9970 211581
434810 14033
302940 129838
166313 29416
297997 466226
317353 17373
206381 235641
257656 311554
478499 244202
343080 71035
430784 141749
39153 460927
287914 403590
488869 301453
197843 343980
169356 64604
33422 430351
14943 303038
128914 36895
445161 254588
12231 348894
125409 477558
184518 405057
5269 436923
67495 244119
224893 479625
385988 304094
353385 108344
478132 107840
124803 387430
329012 356944
367159 192137
4783 347466
177711 342871
123846 115694
83897 449821
39215 419830
443386 30213
21954 64382
179044 150314
429398 178072
114991 487419
113850 363170
178474 303220
177546 144443
58957 369293
107899 359263
70575 387863
333377 46944
447049 406580
324854 14985
109174 134734
29858 82676
84144 430154
167877 28376
223298 40962
233705 495794
160230 454446
452829 46726
74794 426477
407896 182958
280150 439244
108580 498420
429820 462488
408472 164178
249598 474013
382115 193494
135227 228924
62889 381921
220889 253865
308191 468284
115850 482474
2175 416406
427019 341331
328323 274568
433707 441875
444180 329939
357520 333071
68852 238588
75146 22075
250160 478213
354642 175660
412872 340333
256938 73929
201983 251437
233364 499590
125774 488496
167339 311052
72204 333201
153757 465644
419172 391469
183128 230478
184287 189962
99213 242751
462987 249789
228657 458770
285236 129039
439055 361504
480440 420412
67899 80209
177897 388016
179038 312436
185732 328209
445538 128714
185203 343433
128274 383242
449165 25077
118096 50131
143621 51665
336073 354043
199488 422059
441127 66521
248073 459868
277237 294866
198206 344848
303483 499112
195591 249902
389304 334465
445649 188085
324673 231522
199979 403099
190277 394624
103539 68830
356333 119931
74733 198783
330337 9088
443836 4603
453813 281806
206506 484426
56060 471258
458634 266375
108907 319851
366365 180328
190664 179796
390848 181912
159740 162798
431115 106722
358788 176273
70485 289862
418819 329700
211951 346182
309321 494006
66255 369957
185274 49350
212710 479234
314805 62223
287270 499753
432300 291475
264981 156052
250925 34701
294636 413266
85815 391350
112345 92143
84584 37007
207656 61912
435349 74457
141004 200896
124116 451495
214453 403148
343187 312849
79074 200896
10109 484188
321747 67183
42770 69843
111794 160890
50384 382701
103566 177165
442378 114695
484936 70299
127643 299324
333665 223241
475109 213892
293658 148157
33281 418426
11389 15856
161164 130695
279087 228381
205899 92311
415783 368709
173470 489592
79885 184254
478030 354668
447687 286738
322628 187281
11067 480014
59582 305752
144589 59535
2234 156836
67338 62437
111526 488444
378015 285570
260567 416698
473212 430311
388340 499327
368194 477637
289661 461117
227182 344683
52723 203919
275796 24879
247794 173708
212204 267779
391096 50195
255480 411818
456382 70738
69760 243479
283412 99562
481039 219754
137324 305806
159766 57245
405774 19397
276891 60938
481786 492538
53597 138382
269395 406314
115697 220907
466457 26954
132486 292541
324409 434284
366860 409363
458293 216133
488561 477334
482040 446763
305672 145000
273748 144830
450800 458963
33660 236955
17884 424664
483526 336674
183150 312755
70237 385354
459451 452231
378866 391595
427097 355487
130702 148718
56231 327600
140361 406119
85928 222393
432739 19593
353389 221195
375351 108169
472977 426754
164517 200555
349292 184353
314878 263018
171099 364942
440892 362282
273632 371004
86251 32030
75647 354827
152568 179618
194575 71030
102199 90824
318222 420427
61761 264762
464676 80677
232661 438525
393451 160699
122867 241722
