1 10
100 200
201 210
900 1000
138208 138245
794944 795151
325970 326331
734921 734999
484017 484308
96236 96567
515647 516380
245589 245850
588207 588247
381838 382212
721221 722011
129214 129721
614975 615106
598135 598245
306327 683098
82991 464526
105809 485478
1275 833475
409380 914031
293733 206453
909698 400210
972903 498990
309494 270524
207852 548075
533053 578365
389687 807168
827966 682804
600819 497816
276390 416170
930199 587738
70948 475324
360821 241512
143614 267823
539040 316929
9102 719720
406776 558342
372701 928819
613268 344026
33435 622017
474442 752866
7800 234671
854109 308204
176737 703297
61700 409388
915034 796141
967379 834720
416692 701524
192776 759765
117292 374027
542069 430532
671904 736920
4549 844628
693358 648313
768940 552899
125611 891485
840879 935775
630141 731126
506637 105646
776790 702054
609737 839725
606285 471382
176341 107510
34267 415462
70492 171770
655854 672958
289324 622702
934381 21571
898559 37443
280457 93990
921381 100685
515708 333590
157263 914949
212066 106070
85562 577386
149232 639208
71797 904642
737109 44905
589073 951806
147627 786678
351653 991291
254554 898444
329979 267685
10698 558126
188251 846070
948994 898047
258033 356828
859682 708015
66077 134393
23097 286546
849367 366532
153412 708428
785469 678604
910596 151081
651451 720285
867387 652233
42262 73595
699586 781752
557781 349835
305482 751708
280332 976337
937453 692295
819590 88404
498288 562733
637646 826014
657048 255663
663066 36256
291685 327382
949205 497394
944879 578267
114824 309751
546204 966946
756900 845727
390652 271048
2990 910022
622337 385041
67143 944698
680094 402500
476695 399321
902970 901139
250710 390745
634833 596081
705719 161442
744232 431176
486065 431638
530667 268419
889578 352304
8804 155590
918915 208522
532122 932478
600058 185272
71428 265618
267520 195730
494312 323320
608728 478096
416341 622053
485736 224205
681401 798620
377440 468142
614112 39528
359108 287516
642058 804709
726423 889772
463847 108856
204006 237728
123953 372830
25710 379719
672678 468450
475755 323391
277729 35816
95678 830619
930964 376295
583481 794143
771428 299828
376650 155112
164001 61497
662019 582121
828001 841540
696130 149328
159608 270587
674690 589575
755797 105454
610876 775958
43580 236357
307643 399461
283867 236376
946683 772447
862732 548958
145213 129715
783718 931836
107626 263156
165056 243135
448801 144096
453251 571621
176863 704254
819627 15958
739914 640032
331674 725168
421146 379592
364377 475840
738277 601959
907564 342796
405189 471489
578896 272716
300071 209708
989779 970362
29363 513974
172048 548927
306003 787046
852678 619084
672674 735899
273108 153610
125683 295826
983380 42793
182139 904195
976913 845077
85980 918058
385446 430023
559951 217507
506228 534136
499628 148142
602047 594992
465561 876691
74150 104380
925645 862943
787901 355197
525120 877004
832585 653341
350705 219006
496215 626781
20563 838506
711801 51978
704341 81553
767774 106575
399949 758378
922765 278307
943104 762462
705342 594786
421328 603885
892117 56058
642690 19118
464443 189180
423339 345523
480795 530450
147640 43403
858038 206352
631958 886753
751140 228003
287684 101185
576424 557094
989619 797755
266158 155539
146134 488160
731619 289942
697484 446249
465585 509117
38632 998776
720406 510540
487129 856054
608608 439278
356667 520987
386055 514437
35193 876747
866727 832162
851932 23518
283288 689104
22581 592184
511147 750027
943971 126935
285252 411342
142402 271340
354063 414986
189488 867104
357408 214066
435901 821751
791083 907059
862766 241874
427868 57538
368110 73806
161109 892429
877970 352074
121986 798739
44743 324103
390681 483279
769051 72104
544307 483599
103332 991768
660738 954788
750993 862666
643055 687026
526859 268444
983761 826023
809095 800597
156619 743625
884395 93261
151426 679207
614042 119276
7417 857009
990494 927114
973580 901412
944753 171318
979654 747741
597032 315730
4575 938319
302653 321563
373909 731856
415543 588295
724389 553101
632056 405191
456742 887902
828067 55276
323395 69045
573351 647334
984851 511279
322861 687143
20439 669901
639066 230054
748175 718204
163521 839679
898873 247824
529001 612407
757159 951056
367349 874846
402043 267882
659894 481613
354754 240135
574602 338255
93483 503929
157998 478300
106979 380241
781096 910336
343246 599374
252682 537947
240291 50543
373731 930625
441636 617450
45256 45953
721977 714741
456826 326531
851816 454529
532980 851787
573363 775366
133332 254426
757583 706233
896355 927667
938620 842075
888835 785083
426885 215339
695924 617658
916054 723324
634754 983294
765237 653729
289103 442718
565919 845124
405369 133468
631360 576534
351143 227108
663309 22560
400117 160497
266114 276665
519354 421583
554803 18000
716850 278075
988945 326249
420237 29286
360956 948965
34515 466904
248831 126329
344306 740658
612781 79873
635621 236492
139349 38957
544579 406396
225828 672985
836706 6840
534680 145979
937638 326803
970269 667254
988137 355299
801414 815371
371208 168388
368681 333359
549448 314101
169943 369015
379492 515551
107382 252399
382516 896502
284989 630923
340987 142136
196492 144757
384013 870803
548454 975109
155739 178723
774924 957327
241373 622617
548791 267477
826970 413879
537905 26077
258903 132215
987984 212510
149594 704972
187216 571156
439257 939840
162956 902771
250628 874684
219673 139703
736684 412198
100223 859994
87119 336741
102613 916703
565633 291264
817272 917452
896503 687780
314279 792309
504307 207620
66942 347698
367176 761307
123726 263026
90761 330317
730325 990761
402322 618411
568031 411109
851570 796565
191352 468478
757172 972282
224076 24492
680904 144699
218462 884659
648595 652270
382945 206201
891536 463231
644470 638968
914401 459312
960579 381134
100278 966336
841772 311025
897368 486890
832497 138241
431955 573316
648164 383798
54270 713096
120389 253624
204328 248624
611452 761934
835297 96570
637042 413102
401570 12875
109324 613170
695962 649072
134148 296876
367126 255615
999334 831888
792395 729756
346597 544464
580291 988952
852183 658117
607138 391283
647892 865416
811285 662338
426726 424929
147926 346668
594861 267927
795293 832334
41554 218854
430758 81727
425574 421775
252059 496749
329622 84617
740383 597926
93837 573077
877623 255155
234854 343727
922836 480286
618188 174048
418689 540437
637489 261489
165669 348519
745831 689594
28470 412779
142814 793816
699003 311424
313275 646269
442939 874862
857361 850656
940487 400363
865790 257686
631521 801018
402469 652537
618376 766446
953283 447940
361249 39629
800112 170433
320388 257743
279732 358873
640735 145350
413060 401035
117387 88279
271512 622776
553449 493030
457322 972826
327800 356496
739724 281109
165175 382033
378406 969318
363889 578695
435660 944568
720746 648590
840120 267797
586724 768201
490025 665017
991246 139074
635607 176706
580362 892969
338577 438660
745754 305209
4469 941114
875686 25720
486796 614359
242284 304029
220863 617146
919428 318219
788218 918655
870287 486460
194716 140466
541244 12473
880536 897694
566454 606405
141291 242884
15022 896922
278202 427815
86208 732107
431431 667844
719812 728776
652623 860511
369588 922112
979908 91065
916021 29921
512674 894622
818756 344507
348016 643738
826750 390530
946262 302156
69131 41842
430037 534098
169384 31437
461542 339428
957712 113152
369715 324861
9223 866340
150188 293107
915075 189151
258952 174760
214007 241131
541465 363353
351997 278191
304585 213587
920223 846409
722934 797958
161282 641133
555176 155890
914287 129575
244267 965502
172415 259644
51086 500903
415587 360303
74166 886869
71117 126431
50143 812874
521983 423885
66353 677811
359726 393340
324859 337313
240530 909553
977998 626321
922893 128026
365176 337191
95029 497099
162332 321786
108352 72931
21611 486408
434891 410509
347713 755530
84231 827490
559710 578915
560320 626348
278655 503794
959179 764486
17112 473478
657868 118751
203057 595633
931874 370653
410010 652981
60143 719710
622860 672988
611847 551193
83166 231332
863668 890531
819617 214
878819 220622
470744 702583
485296 793196
188055 338712
837193 965553
887542 679304
277569 308854
731378 288298
674291 856410
835746 455265
863825 284867
446417 144103
407496 443010
335036 44861
2258 91605
481321 350461
882135 979013
614178 823499
472256 287856
451149 650922
938075 314465
763241 589227
174692 731035
591463 414783
477686 440117
460130 770542
505230 472607
224509 208737
208503 256834
737304 386393
163416 556550
781486 379330
308630 804013
528143 304354
330471 907484
729524 668844
722741 599290
862596 715377
370282 617585
67426 514550
840094 434322
156529 562208
710619 610005
724709 763532
949065 15357
578119 463803
744443 810906
27717 27498
129172 627112
39987 106944
989591 426837
541218 594401
937163 132768
65627 33824
758407 449437
995449 902289
733087 103701
98720 622972
170603 980170
111005 948781
684400 202264
430044 406632
219118 700406
820416 54265
983302 832220
736675 489258
436037 340543
190762 146126
435729 837432
249987 827323
242158 249986
734334 411989
235118 821730
281349 995716
967411 742049
982841 202311
482018 584693
755563 181154
725862 462142
671924 346611
292702 880300
294322 585571
4644 716029
610847 912120
317691 946532
728783 526406
434900 548933
839430 419013
884157 278621
319475 664638
326439 373951
491021 59552
111442 228089
772745 178479
863127 663701
43317 671516
317714 372539
310580 807599
152938 441076
380695 65376
863806 415433
819476 643462
439661 470538
508773 627303
99010 769770
589183 552814
172283 225992
723245 605114
274228 288649
35465 511827
826293 196128
246359 933495
833300 130351
577918 194067
74312 254983
623332 19789
687948 981516
547301 156094
775532 361076
150831 167293
868976 535470
65532 306390
910946 14495
970285 703258
985276 63559
757440 470480
137331 102146
985134 548361
427930 648491
696228 64977
277493 337883
497819 670529
590811 738319
414358 565234
865862 24359
208120 426252
708411 181131
214143 607228
630992 974376
490721 363524
559839 302488
399873 584812
232326 138080
57166 100182
774743 81363
708089 624303
37603 298131
733904 287682
341150 5367
819580 500646
124399 692680
233235 222040
618007 763238
351195 533795
883707 469832
607260 983355
817231 358625
2913 142314
125409 40221
563403 81762
41984 118794
138769 867377
813511 37972
81751 510610
511945 744937
642474 354015
184986 893243
540886 127524
892728 308643
89764 483216
914901 713955
621748 46021
792130 953796
682610 504014
963257 524894
663224 754800
857479 296886
895360 371289
20436 49985
451268 348405
727760 78279
765172 975776
147452 148131
243155 334646
616339 966887
418095 847237
155603 979356
872443 309988
662571 332199
35211 937309
139650 476614
550891 740741
765217 845498
701467 4461
252479 173567
835691 862833
483368 610423
503535 432237
32457 86117
344416 407504
257306 824788
151631 478280
872 885016
864710 68061
767294 642668
543421 445402
235183 549818
362550 149541
399491 421754
841974 970160
860412 167730
571936 373704
537092 690907
296687 310091
703476 806244
637711 254967
49411 674192
180505 458461
749385 206842
93034 636340
323439 62393
955422 367881
196918 213406
788334 602644
602080 765722
443364 220135
77502 391101
803446 346751
646487 450393
854663 212029
612210 718661
242550 475950
506433 409277
476320 978822
60074 280807
518201 527404
135474 698224
247618 141423
114248 790613
713127 532246
642540 921982
645881 300308
820730 683780
181699 738522
944151 387667
178955 54471
265847 186283
944167 826107
139784 958784
508856 586953
504126 380738
605000 16842
102588 811191
396604 733518
914588 105219
915254 570990
28699 285258
180425 403069
719908 840044
966425 572829
237623 216175
779535 654509
779382 512891
592439 638944
924684 945918
807606 126569
986874 205040
727659 132370
233664 138736
382048 269037
622564 861453
891949 185249
903905 662882
320937 80550
240431 864665
266382 6923
916715 679184
59112 798836
18980 281112
916730 917410
387521 654233
482286 431019
944914 854420
390518 167112
878961 670977
417027 846157
891861 277399
291809 300723
870963 292138
954093 517329
968528 820078
678836 47466
752232 140825
730346 372959
830388 134951
334980 249093
409052 884727
437234 290513
798649 918547
398204 648176
953029 622797
409272 577844
747746 484804
343205 818792
631747 809030
860968 398724
604603 359055
4192 821628
236704 792944
400296 972402
440156 781387
178728 391885
263248 569851
446680 624225
245476 21008
4563 731277
505135 598327
747988 240932
700352 84281
471439 994371
955399 106522
50606 51074
53667 462689
973798 981638
496393 441592
220534 803122
778381 985577
846972 944893
790225 278728
22004 442463
873799 473200
782157 181477
731876 82085
641706 118052
257955 983257
428210 835338
847730 209610
469076 497743
321981 798472
601946 664459
581782 942036
220841 834978
235902 268772
572179 813722
255763 995652
492697 46413
356053 517334
19584 100090
690134 736954
428878 127029
72638 487432
479009 716287
278136 621626
211373 303472
314557 250983
322128 68560
943803 409642
708564 277126
532321 214305
951616 957224
992074 757074
140955 403505
256899 965799
2878 368528
164795 898010
955861 45021
904198 60524
331762 46566
427854 40206
10701 465256
602390 687139
361948 36762
706796 301277
286155 953634
698347 763716
25433 26731
659754 110933
255631 440206
256901 11399
661212 420077
622341 324137
796818 922015
700079 853862
410807 348869
528422 60843
361417 477115
90557 795935
98514 419691
610845 468817
516131 321147
267087 284464
414384 57830
192872 369075
886984 412328
56782 48409
547631 950611
319210 243594
606425 654463
526252 35101
453893 97758
803253 380915
853940 408686
41574 744512
809093 347207
398019 985066
138799 1236
318019 627785
193626 218142
463350 296463
102554 61956
213523 82753
445705 669831
77789 206435
863551 395458
548722 625139
3569 164983
384944 376843
143331 739460
581380 228841
631179 182324
155408 974476
2820 922097
409784 310965
407915 542232
693898 397261
231258 146213
493512 505829
16895 56845
53651 67351
198680 928811
996789 912140
90765 959314
982858 181719
129833 272257
109644 86015
368758 481204
298298 798043
