524400 811060
974772 882127
904295 950249
289406 361170
500687 603308
372609 185648
168238 101729
372234 405977
776298 51802
598642 160556
933463 941807
170014 137842
275042 27216
690737 192746
835504 20550
64885 359903
347961 556008
758381 768608
506256 47786
646129 523294
167446 535090
708941 852035
636818 597527
258012 413115
165680 373005
90023 99142
314811 776388
753335 589852
803603 444071
298949 639106
464620 363833
515360 328933
919840 273740
97540 942447
837878 260020
465740 5323
795109 691033
373709 431926
288559 631720
361393 454238
4724 451415
69731 835886
227802 823065
425737 547756
267135 241037
186861 248106
604869 218572
577038 41060
8663 190929
983506 846540
967301 965598
368214 762409
656630 741923
710687 461540
889994 588431
915777 894718
556197 985507
246955 300350
324923 672692
848105 592057
913728 551317
840162 34949
769888 933552
76008 778550
640832 575866
625090 608132
541463 509655
886893 198092
251577 113931
175983 141571
702361 91759
552640 258557
593617 799594
558906 434891
988637 923362
26947 418717
474678 383460
970017 244565
833363 46024
539466 474195
138241 164555
598678 679703
674210 1922
394146 442138
115852 570128
100060 334564
178238 169051
109472 288206
484997 184729
723096 989985
108090 266394
408701 582767
649854 378717
343683 999568
941093 883149
473762 595685
564055 588792
275388 754616
590713 185885
196754 222917
272365 813165
73832 966954
498568 183304
771512 983564
884384 10959
973548 992474
277353 898601
91592 443558
793669 951627
443125 251113
834775 433239
846798 398829
22030 638537
669797 129094
824421 382902
868362 613137
196066 942194
96443 694633
641849 867954
194548 526232
878912 684448
35057 156264
99400 643001
599821 893068
594627 559298
660533 429401
992536 507330
344581 530917
145866 14377
660010 486638
397278 44724
616127 109696
503269 712569
320680 145117
580522 515228
187700 459433
716027 739109
132049 815426
382109 248221
708493 976735
807518 369025
922487 316405
392706 783419
847321 54923
314148 23683
541561 227777
68406 674039
337472 571674
386607 658152
233142 483480
689731 937193
942912 405757
676301 591312
221182 574761
355885 446026
67847 163402
331403 990333
996159 724108
290104 843479
779031 604251
867161 836943
832027 935566
510981 685851
23591 413939
860354 256732
897418 550084
193925 356681
472192 386577
947993 693373
961338 303877
655750 29184
983630 987152
535869 979788
711260 342324
339619 6642
946574 206779
359936 294952
658697 387268
980802 682287
801206 841155
939019 214975
907590 649295
571655 379781
552223 35999
73153 29912
339875 245255
59096 839857
232406 111316
335996 460017
453639 675614
983010 916564
882393 342945
211515 541089
730212 708669
223375 47769
549823 678745
262743 457413
844391 834398
353545 396614
870396 943050
426525 726623
188304 1972
82831 420709
629639 418826
880726 599629
94440 863735
516192 493184
723032 727707
550624 969595
952727 290350
17364 502549
485447 796458
476313 329837
630855 829858
242802 17603
772907 185679
260577 961210
704002 343407
898270 849993
278584 295347
449621 373023
675434 965813
382558 398465
209871 933181
368059 162597
739883 901774
181497 225329
698232 657810
71517 845438
4019 830671
379392 293277
16349 639968
770838 236702
983374 669107
86694 261958
964454 536315
151332 156239
18479 50242
71055 228349
499774 955465
907297 239656
857239 88793
464984 71822
262954 52853
917259 266972
883523 296651
560248 416223
936618 331085
652924 436344
516544 255970
214653 997349
308636 882336
153587 327114
448929 224641
71814 948703
180105 979110
188358 553695
584254 169694
625516 847208
222546 542775
630531 622420
355777 190779
38642 808746
38215 207917
761441 554758
463886 492445
552106 288873
374781 705692
615986 340061
446684 204151
288763 143141
699612 993473
696835 283866
679518 322351
647425 418415
381477 277955
40834 253605
985085 79475
62350 23300
803743 340143
578057 783981
832587 646515
72853 723719
868558 205191
63780 315242
925693 352542
974734 625305
862366 671568
425522 541883
510270 72946
960297 891746
350900 1130
661702 335985
596956 724052
875636 400699
64194 970044
701031 413132
616558 773883
136851 1468
495425 200630
316709 421118
69523 807794
562774 931889
479361 988295
473771 989631
61240 434068
397728 928491
951549 59430
780827 548505
299833 656462
465555 880378
626506 166585
293509 759415
456819 946711
760882 468596
663692 593942
406065 249567
401735 968838
181455 881096
957132 171577
387078 18371
121996 301157
463213 589897
360586 244040
138401 176770
416853 120307
57147 43358
803243 867008
319125 776413
813718 596358
245008 993762
190300 651072
243328 108386
619909 941134
989481 93392
629062 892910
628114 751058
194067 91327
340954 71004
335366 995706
247774 752218
632364 821272
311928 435606
688279 147404
212018 18349
743761 973378
12110 934060
624449 771789
42446 760710
712922 548278
854101 341983
957540 998567
609392 667958
89893 466697
738961 941610
978754 503086
210179 611117
324358 38458
563074 528988
185861 291444
63688 445974
264821 592149
380033 889269
363937 938830
166330 593210
3460 536783
451545 477351
535349 60936
145308 625241
43985 400620
83202 539090
420058 293380
666559 744415
331838 229632
789754 34050
521075 853442
480023 785895
445590 376408
191516 809527
831589 874197
919088 351400
410979 370632
828750 946327
947920 490409
87919 991904
891029 171120
47345 827438
464500 713903
571852 312689
943535 877957
346738 980961
731398 343113
283208 176988
719520 474723
502866 67460
348919 421953
418860 276250
308937 763961
222576 256856
254370 826847
765111 661750
997966 812455
489187 978817
526358 577390
807857 986244
455346 670947
483556 186744
14059 766763
880083 249930
757837 899300
317389 106756
837604 736248
383005 146540
500209 121932
919747 270930
948778 684857
932679 463096
13664 938217
958264 540021
515606 766121
42616 970951
437067 526171
674046 451125
809286 70480
701054 567122
486131 534794
190229 840087
271042 89585
502978 287602
211517 422725
558531 676646
623933 7561
656093 637596
945777 614357
693968 977734
380477 736583
948684 817543
779106 139082
785019 104743
725913 2424
671864 212044
537217 862093
568482 324610
951677 71459
128563 679545
494183 203445
872543 634468
211005 528635
272063 673133
142991 966031
650866 39819
218965 115902
373713 514422
254983 158731
619164 497247
677506 807380
225642 731075
669472 794123
55684 137500
865582 184247
817045 876116
904043 205939
510583 115048
734573 298998
304532 393916
781380 955398
433734 344
71299 323799
31118 842633
998881 166633
856231 676387
974012 81873
407461 159835
875995 463144
297335 257928
163742 630731
650396 67785
836669 677330
699184 87593
976327 3715
481508 757706
959112 431594
274402 546762
755392 821871
905746 754272
988503 761977
947010 478867
843849 354470
638701 236195
333966 936035
10475 14059
83117 660870
598195 919785
338199 297378
523730 830878
817445 521589
104935 292908
953182 895688
356022 224925
717558 261767
495549 222413
540095 442558
701279 900295
313380 339979
136490 163697
792366 146964
177755 391834
324185 775950
311619 178735
589679 351700
525964 923475
873288 630899
216383 342822
42938 572404
567746 760496
350522 579646
499260 890617
538556 716890
790911 368287
573220 443752
531983 365585
107067 709737
757419 431251
2038 585389
126338 108069
453440 652301
31543 326727
283199 764277
669548 842489
853032 753646
602984 203554
849643 618595
610522 388198
335484 401432
756484 908703
845184 804818
790640 468602
30907 64410
899853 32944
166150 542542
657364 619589
194842 205259
462667 994393
969535 132215
836881 822567
402212 956216
542472 768206
574810 152993
156404 426645
554424 429239
851699 915959
750409 642338
384561 781315
223099 800765
330610 905600
343306 987974
525188 54499
193232 987855
48891 679118
636421 885771
18036 554984
841986 560507
323189 933147
713499 995944
876143 784275
941535 727842
216585 691943
886531 117497
473257 109630
918261 803866
15229 777918
791839 56769
832417 501422
560975 881307
696892 197395
283430 714927
268730 641767
275434 591918
91266 505284
104214 967408
805910 45748
695249 538847
737690 581780
656343 210946
207761 90956
531163 739341
385225 323002
796109 217641
340775 357083
615300 37666
70829 898729
752593 339558
56847 544378
447828 148112
566013 552041
115520 888275
597788 327120
427121 335477
908899 599815
62774 633011
690770 593936
372352 75995
433289 168460
809987 774064
41895 425286
328081 112723
840366 597025
968633 897213
657754 932812
561676 223767
484852 193547
628393 598991
520667 55513
450819 945917
171679 513592
578928 378801
623879 951279
971147 57168
636090 781133
347583 194336
722771 192015
823411 563136
789040 792043
976700 446793
724854 54728
186911 726057
248274 815303
325047 768940
387167 775865
714857 558846
805808 810136
937646 946038
277766 425144
3205 430207
206276 867139
624543 929046
575506 447953
8534 364545
756347 501585
327689 997552
556312 514600
723608 320938
846254 565006
89877 233421
857222 321085
308618 663029
647572 762615
125418 925337
187758 644975
355544 910385
512113 496438
839431 87618
944390 364316
968514 700736
865900 296203
214639 938564
327154 938246
259501 173407
19603 865729
923179 876824
703166 231796
56204 350737
510762 181621
792426 698519
826595 147969
608904 855060
160758 964686
459029 105147
845353 427543
322234 227604
240097 536872
166167 567250
991469 942019
257008 11071
807748 180187
404246 27265
928334 460449
378001 955448
158421 170426
653966 501368
834746 779221
356427 995503
260258 815455
617001 105610
759349 939234
849566 515797
992457 532084
83046 500277
474103 856406
511347 798202
552944 431944
825466 481277
892392 203466
953076 567165
890244 607042
68532 724989
902614 424958
236844 679224
756764 853844
301185 32465
309430 150750
548261 301886
682834 147659
802163 673288
4064 829861
471489 557007
261805 813306
554635 670548
16771 507711
237712 423366
631104 306243
664707 50069
247552 901550
729292 520668
755393 546829
553132 64822
697578 101392
883060 380411
249050 201574
53698 769465
547786 41538
326471 325942
854843 397458
996490 387966
905168 750553
811331 52623
573148 476037
102691 337051
893938 348335
857718 649331
895163 410849
230504 109092
28593 113563
5855 277642
831488 575904
47107 379274
617442 889929
705215 988636
287386 218056
376601 708905
968609 704284
761527 58108
696672 380570
395158 590610
245256 252876
239940 656770
180076 986795
765861 208668
616710 771715
2662 448197
347619 566120
343822 965060
972400 49037
953695 776138
783444 846648
485042 752052
550931 762921
326511 763954
659842 721669
354563 905097
490896 110854
561866 670971
97649 327726
395991 714358
99441 915004
678906 963411
997475 22728
928470 969874
588116 398516
746011 371559
245163 747405
639963 312445
510325 966473
592751 170166
204493 947313
591614 695388
574519 669831
882711 188519
997556 278701
419228 613348
710056 98133
576758 707530
637212 21579
677403 225327
420095 939766
113238 181609
687170 269552
10406 713846
236024 603156
400363 956869
66820 991976
652256 157690
661806 534966
346208 175713
330018 281787
305413 40073
896272 882170
263954 533483
420101 941357
275162 356547
397474 904751
54507 600995
174302 581264
314840 926677
700771 715202
883545 767591
223529 535801
441632 401686
587118 304192
93750 433488
585978 399162
473560 482249
797684 737514
532084 734136
195222 323597
90682 109047
228347 145188
710041 402648
726452 24880
845676 427222
256433 729221
711164 996313
781373 669148
914350 884842
973339 8099
318329 559316
923613 308241
557917 237648
562106 606352
971783 273679
929948 578816
382725 158294
724003 92765
77293 966806
633996 439320
910380 890428
168540 137895
886740 466264
807042 317441
351106 780380
325539 669434
856048 765503
977674 930316
3150 56131
536667 974932
329809 466614
553747 712533
141259 794102
805297 734903
277259 439292
690574 187638
846071 859114
841885 249162
325377 648926
566602 192834
945658 408493
378620 318057
173995 872645
248372 693497
928776 785038
668428 258584
768003 738527
971117 425613
48980 292765
676867 842590
248409 367440
546580 610831
226553 388464
859993 68282
553741 942946
777467 499398
351438 156086
817454 41785
28731 65825
735281 957506
367214 920060
216089 135216
174938 703557
77180 223917
512674 754046
66507 761082
121486 129438
371912 864390
517901 748256
449023 71641
691202 226490
571039 558991
382575 904844
600775 927657
487021 336055
885162 854234
256115 617603
505802 431052
837511 582981
171321 350184
337027 754179
627617 974864
883616 515881
839253 401516
780488 804628
989508 471689
31117 76898
547032 930043
981742 147806
857700 468762
483861 259213
839347 256327
393167 345148
203730 230678
928129 375050
97213 781507
129228 241182
272722 529195
273414 111974
930710 53901
432953 436570
41942 464069
513467 588973
910464 11560
736778 284515
480321 736990
60079 836020
509668 453246
181167 713398
200275 625647
88447 297487
407153 734027
55020 679874
263221 328433
308200 710283
382334 741152
146852 940627
721573 176670
529599 148388
188230 782728
949254 184902
36070 9332
20921 545737
978929 718440
259134 179203
344086 347581
993042 267591
597959 48061
463816 861179
376494 772015
571461 275179
29519 234664
215805 267443
411334 261755
932182 115915
44482 881435
300816 80551
890766 838089
626288 869695
556528 401773
565249 900613
265705 558290
168203 863663
122703 632019
724842 15548
920385 812654
290726 466255
563670 22882
733697 975003
284636 665878
90917 329117
63664 908084
926020 954430
746172 68659
340476 302699
470431 422076
719664 736136
980366 887866
116150 619420
36236 840991
634967 472973
169997 925692
939227 733666
948573 189276
225020 749560
371505 832288
78676 435169
740371 521047
905950 2895
589705 762777
305593 60136
184852 541608
312623 681569
429474 428772
300988 982061
786115 935954
455033 956111
377997 394260
206128 842921
583535 431147
592480 955039
779786 187508
906559 520156
708554 812508
39402 298259
