930886 289383 
636915 692777 
238335 747793 
760492 885386 
641421 516649 
490027 202362 
520059 368690 
513926 897763 
383426 180540 
455736 89172 
595368 5211 
956429 702567 
21530 465782 
665123 722862 
703135 174067 
979802 513929 
723058 634022 
898167 133069 
18456 961393 
478042 175011 
377373 176229 
544919 484421 
898537 413784 
594324 575198 
664370 798315 
803526 566413 
268980 776091 
241873 759956 
999170 806862 
497281 906996 
420925 702305 
336327 477084 
126505 660336 
621729 750846 
925857 661313 
353895 616124 
100545 819582 
233367 898814 
990364 515434 
313750 344043 
426808 171087 
947178 117276 
393584 695788 
502651 705403 
612399 392754 
95060 999932 
993368 549676 
210012 947739 
698586 636226 
297539 348094 
480570 140795 
960378 651434 
66601 97467 
612902 710097 
570492 573317 
260756 926652 
560280 997301 
209441 724286 
429689 953865 
346619 228444 
744729 558440 
108117 958031 
905771 738097 
890675 834481 
698927 120709 
777856 704567 
872353 179497 
276965 254586 
964683 455306 
28624 406219 
332871 51528 
48829 805732 
530019 409503 
363368 258270 
486715 959708 
518149 226340 
700723 747796 
2245 142618 
493451 122846 
243555 892921 
597488 192379 
888228 537764 
792350 469841 
441500 165193 
87764 757034 
324914 470124 
275856 936987 
346491 373743 
148365 322227 
281936 709859 
452551 151432 
899228 316437 
975407 153275 
276121 901474 
794395 468858 
661237 36029 
573793 908235 
894428 65818 
231011 366143 
639529 335928 
322404 318776 
255763 964443 
854538 114613 
436840 118606 
344818 2904 
670688 235128 
67917 797369 
466996 569917 
987743 43324 
512183 259470 
295499 298490 
206725 689772 
755590 385644 
268139 617505 
469786 502954 
338082 907669 
388464 308542 
939507 110197 
228804 759355 
278611 376348 
127828 573622 
887343 949299 
35568 195746 
755422 354340 
613810 23311 
321801 267605 
473730 425661 
811305 44878 
178736 229320 
248626 79444 
503465 648522 
473416 586708 
213258 408282 
167637 412924 
305624 442062 
532036 962600 
911899 433452 
145550 419379 
290071 947468 
487131 900973 
684930 903881 
845894 808933 
370163 158660 
387981 657199 
252996 548899 
713773 152959 
739668 272813 
681095 187190 
116466 952926 
911340 365084 
327684 422090 
855542 443376 
379107 755936 
219756 517445 
418418 669179 
89412 706887 
32172 103348 
262009 451659 
625210 402336 
467587 166342 
319301 878206 
667372 697713 
401255 575321 
44599 864819 
229904 517721 
939811 955939 
915667 73940 
346228 311705 
829150 811127 
996658 565984 
789224 763920 
867269 602422 
54081 821396 
740084 645630 
811972 679292 
73850 207672 
905385 647625 
739299 741222 
606042 306640 
340713 783898 
256190 352298 
942590 280524 
108581 688209 
499336 288819 
371155 937732 
218004 495994 
614769 160379 
981776 85273 
247255 668850 
348142 721860 
445884 575579 
223205 421993 
679567 867621 
690613 962504 
262754 801961 
154259 31326 
828202 518944 
723506 613202 
902021 936784 
390868 222842 
235189 789528 
949908 608872 
210498 849958 
518808 448036 
686248 457753 
33333 383303 
321648 132133 
999754 772890 
251746 517567 
319529 690368 
238046 514500 
549797 473788 
86990 66249 
3033 273303 
12497 505363 
294892 910253 
519125 247686 
613996 761152 
209188 245975 
703729 649157 
32460 895436 
543921 253414 
26304 870460 
388027 60028 
266748 278050 
308902 707556 
697697 504794 
571043 858699 
132002 301039 
806403 90428 
681 144500 
908538 617647 
895151 36159 
282134 522535 
171692 104339 
516127 502215 
755629 720504 
590964 60049 
636429 298285 
576335 495343 
202900 903177 
407971 885238 
260289 416949 
717988 495367 
585795 392292 
53144 40743 
658390 102829 
655340 961682 
569 553541 
174232 453826 
956042 172261 
409117 690360 
266761 228023 
526309 81 
495425 903190 
806367 618996 
504234 214677 
631626 730690 
226057 764524 
673168 349614 
390358 328205 
947386 726312 
204346 565100 
634994 602726 
56552 204916 
893529 325578 
532290 528946 
756970 302647 
819080 799051 
218593 799631 
418627 830857 
561886 541312 
788355 439214 
720090 193512 
59479 14412 
858969 909610 
152274 966189 
47641 806355 
925433 356620 
77888 198987 
524566 498338 
27284 487770 
790417 56856 
372260 300606 
100237 125849 
473059 107205 
648518 35217 
990783 34945 
228458 436873 
967637 710873 
620483 804289 
770478 826607 
149314 772757 
645729 334471 
533459 591100 
89438 723618 
211388 58025 
631233 633074 
933681 518157 
160358 3493 
110699 550270 
101839 633417 
668363 275569 
228794 92622 
319847 413173 
217462 196431 
539390 456682 
745791 504292 
355115 205057 
796157 391521 
631491 888574 
462951 401947 
35021 359231 
393740 610537 
614030 485054 
35325 554098 
187516 241081 
33002 653516 
746139 372231 
785404 261796 
974580 582338 
39021 519218 
539862 513970 
235379 784812 
692685 894977 
299904 31536 
433483 324176 
199759 279207 
889744 984857 
469911 593499 
663950 20127 
777560 505236 
675105 367818 
740049 810563 
588711 421244 
519934 41805 
77375 563291 
593614 558955 
343768 133589 
544918 828993 
376882 552805 
876982 844822 
124030 326717 
311574 593093 
186593 530126 
550253 781486 
803074 850543 
734713 327814 
138377 478179 
415775 474762 
32919 727088 
806732 935710 
11017 110294 
760235 400346 
745691 871137 
423943 305153 
666328 122573 
449291 300925 
894018 306710 
836836 277217 
575055 596963 
963858 387090 
714904 378130 
372661 698571 
689685 369633 
613073 304789 
756851 722604 
349250 419805 
336503 767868 
639006 109485 
414639 82195 
721120 62949 
880226 80967 
387677 686763 
963981 290596 
887560 740865 
127955 539036 
433518 367770 
66342 359211 
245196 322532 
627321 272379 
994984 858270 
794427 384172 
152040 344234 
970072 647283 
245830 307398 
370347 901063 
982030 966950 
653714 250573 
57522 886059 
626924 134047 
189435 945082 
829204 271232 
630443 622954 
945486 411898 
684278 875640 
250262 89159 
989683 679262 
539848 561041 
208324 141723 
449122 26272 
927335 454154 
937457 335821 
102747 909365 
311776 591171 
725218 160269 
621703 938701 
209933 914653 
53959 450907 
862806 356728 
748720 515797 
121308 547084 
742698 515334 
76376 110991 
252715 798898 
825171 801052 
771559 218189 
554010 752506 
178224 709016 
816539 173109 
333378 490000 
945053 58109 
489114 955081 
405989 671338 
28067 59426 
575223 785147 
332231 776787 
292122 696532 
323875 591281 
390179 884850 
202254 576590 
311131 215350 
967857 973813 
199181 381494 
554603 146081 
152433 15720 
590181 887982 
359415 97487 
768825 79296 
138722 765404 
550551 796892 
90032 230297 
443181 399134 
990415 898506 
299708 767057 
859999 380595 
112297 501962 
475776 687483 
68977 80154 
742587 191309 
723382 139932 
544266 895021 
508860 313563 
909211 903682 
669086 277685 
590930 564285 
794583 735990 
651476 197314 
95820 754116 
37525 641892 
538839 395528 
897490 897525 
101360 651136 
247643 889618 
80928 170337 
826621 506582 
917955 804310 
634225 370888 
274570 426815 
220853 543437 
107722 460008 
712350 811783 
9097 418657 
689126 363827 
522071 621269 
533149 726651 
140528 60910 
228398 430639 
836610 241888 
928577 992393 
498976 433890 
754552 755199 
126087 416931 
360099 388777 
448566 400657 
377017 580952 
392735 72641 
491298 89368 
453195 918184 
55805 696776 
423428 975266 
552528 588954 
19593 80308 
322197 297278 
289672 372555 
806445 250774 
522325 305000 
238283 560997 
466127 648412 
565421 598382 
179334 914693 
987334 942439 
548159 88421 
522957 994985 
691761 1354 
492972 578762 
167716 631541 
711850 561852 
375482 703662 
76217 550399 
801173 665154 
486506 399015 
476364 839851 
488263 724790 
323172 942491 
373537 570037 
28828 18859 
107280 360871 
355856 576987 
578341 146590 
725352 563970 
195511 587665 
149517 893069 
113083 907361 
974112 41351 
706506 189300 
104667 291638 
131489 709364 
434154 581032 
39875 136104 
706141 273679 
292538 413412 
290636 734969 
311956 916170 
62760 162844 
726814 406649 
994314 304465 
713886 922326 
346039 660183 
701535 826969 
532621 320152 
611790 924393 
150109 637289 
734673 259631 
395735 584264 
374295 774548 
704313 101877 
353198 666833 
99355 994949 
157793 665155 
588156 678468 
982933 400960 
323286 98823 
275358 213171 
40140 185677 
22181 493245 
933990 572761 
210050 150323 
409954 84100 
668364 461075 
235624 322042 
423919 42659 
225844 456289 
451238 293469 
474976 841551 
520019 125383 
526343 63133 
161956 19304 
232475 365981 
68011 953666 
446912 788967 
361729 90192 
756868 380902 
465002 88131 
549207 683174 
5216 649718 
692377 301183 
757472 945487 
238957 434573 
276125 725062 
366797 713933 
293418 312496 
848153 893141 
775474 971726 
925393 596980 
385948 843485 
450030 372305 
269559 264029 
352160 206898 
406424 734562 
384280 417719 
718902 411641 
873480 593010 
27583 992726 
234140 628789 
342723 303708 
132557 600938 
10431 152493 
124220 980710 
577690 785905 
629391 49613 
938270 963638 
227667 79421 
802671 207829 
458743 96180 
513899 209095 
137088 843024 
952386 749154 
258232 10569 
155710 979969 
800030 492373 
609663 498433 
167279 932587 
429649 620094 
922351 291499 
857464 7339 
487330 551742 
147515 312086 
519915 231349 
843881 950186 
675634 495011 
854387 874133 
623287 812722 
339643 806773 
786742 881519 
890244 495354 
510139 103124 
552063 16259 
636353 677418 
485269 981712 
505404 558705 
626799 342733 
654819 992734 
740435 774315 
240853 691087 
702450 100669 
974802 916487 
245562 556837 
363610 598089 
995960 585205 
596911 666704 
769829 402557 
418816 623403 
300821 321892 
303605 571522 
646579 302443 
161528 325361 
834447 273378 
564045 332700 
23787 574882 
675551 804899 
721386 242589 
799426 650353 
764794 966948 
68506 163036 
346092 277107 
679664 665417 
288820 115921 
954166 98480 
186354 105994 
408437 774123 
99484 832933 
106312 86317 
419017 933931 
25165 186709 
991608 959156 
201745 217069 
867422 712995 
196295 1171 
680559 148569 
425676 264801 
446571 26652 
658925 105340 
720172 251743 
874089 613091 
903566 906527 
255812 798878 
885196 3050 
453333 362124 
65186 304213 
263370 478499 
695568 56794 
286141 465115 
982639 79342 
744263 482437 
263590 663198 
206202 169939 
791631 226513 
478257 865128 
994571 511804 
934683 352346 
151225 898138 
417540 190495 
68972 36421 
340634 387226 
865725 134158 
190952 120356 
585472 77645 
673339 993446 
475883 568111 
747661 417603 
587542 255825 
482339 470216 
335344 379174 
407330 960596 
829294 846267 
260757 342013 
48860 980519 
533292 194650 
581876 117832 
251990 390279 
510635 963953 
41598 959295 
952741 96107 
180570 714937 
132540 944976 
200801 444584 
914800 720083 
615609 199492 
676440 766496 
612763 22939 
881304 505735 
2606 389873 
584523 930164 
564349 52251 
442530 682751 
646704 816339 
291986 953165 
565625 688302 
919591 761079 
222407 262547 
707131 568484 
804919 939561 
139053 621931 
388427 420528 
959819 815494 
837581 517543 
423768 841123 
287639 840187 
892438 524643 
207394 851988 
184680 851320 
804486 854098 
58752 993018 
754098 886463 
149010 494695 
63179 976505 
916066 856142 
994425 868098 
804978 571472 
386966 382853 
416748 764797 
122272 224547 
581086 840516 
365159 409912 
261900 989877 
841197 572553 
943003 962932 
955951 162035 
48498 518107 
529154 710049 
202906 713861 
570003 592334 
976784 635325 
206797 564428 
463633 781763 
546560 110115 
851014 880381 
720897 185185 
595097 432100 
938329 602408 
691313 373349 
852634 295879 
457914 634316 
668775 808585 
34986 22765 
736626 197930 
306616 237892 
389569 306629 
387409 799752 
581515 596366 
222833 367395 
247776 644428 
829613 73847 
22300 485026 
603786 941062 
830763 960629 
256508 295100 
929416 683397 
491982 230775 
253540 114544 
828826 43320 
797565 506518 
329499 651794 
451546 187134 
299853 716908 
84303 33062 
193842 522686 
596534 848432 
849810 539807 
480869 618834 
95815 453596 
748696 827984 
511382 352324 
99451 194465 
825361 519716 
563037 869343 
375861 654187 
305981 360602 
64088 705360 
938620 273879 
823293 363941 
886628 22924 
387708 17135 
556942 483162 
101996 753870 
207466 554163 
898500 197811 
66487 472515 
183332 926234 
445950 682290 
551633 8693 
662880 525339 
402293 927494 
632854 485213 
275444 466382 
830323 571475 
110751 98738 
115873 716951 
716465 14811 
768681 189168 
259683 334813 
48977 492499 
965014 674535 
600769 115464 
314107 148346 
673391 563072 
88411 865740 
309587 852623 
337836 7057 
473439 458793 
546620 613281 
228371 820114 
53418 657371 
188534 860596 
49764 769883 
104697 473567 
966067 825800 
500335 153674 
785490 447433 
112132 617457 
180529 615949 
481690 785523 
638147 785292 
792349 307629 
766422 492335 
621968 782140 
602255 313043 
486766 850339 
710936 172025 
458260 191653 
665220 277052 
619204 562957 
232983 631287 
78721 119540 
736997 534826 
667127 707205 
492728 433878 
219170 665169 
972798 647227 
139563 11520 
793660 739221 
568616 277883 
128223 912267 
84292 55382 
247035 355511 
632563 542553 
621862 428608 
59895 251768 
887660 371198 
422376 654968 
362173 141009 
574887 89503 
754673 371254 
18481 794057 
321929 243823 
983044 674396 
952280 631942 
544209 68012 
639747 596855 
952366 144854 
203759 403134 
831742 101281 
869401 341973 
713171 891638 
62958 273413 
414422 651899 
257755 941484 
829090 505661 
816071 528780 
772603 363923 
38320 138000 
769942 272000 
340012 506952 
103807 830504 
975358 979759 
382894 572525 
190158 179117 
521090 214636 
622626 59560 
332973 750614 
918865 201937 
143421 263748 
769409 176620 
705400 488863 
852786 101832 
239833 478004 
266356 407458 
914410 526127 
356631 606368 
586128 534569 
623446 848341 
27458 485374 
700010 813605 
873165 64901 
331867 838989 
40926 722490 
986238 250732 
943705 700699 
189562 272000 
373832 165457 
643461 42348 
449807 130017 
172497 426169 
32538 880569 
415139 529128 
377470 135018 
620392 38585 
368542 921280 
502533 836754 
675743 241707 
480550 834400 
601485 233021 
933720 466788 
255140 545190 
710647 639634 
681983 145325 
791694 870461 
296630 648142 
45063 964191 
493320 845520 
980538 976554 
531492 387142 
308422 600930 
437685 900034 
658094 327308 
161708 629780 
862802 138644 
121784 279545 
341087 796522 
436157 376925 
38602 51735 
438548 634492 
798986 830296 
310840 251530 
97051 844049 
336956 320512 
707654 77589 
194872 868448 
768482 532428 
376088 632557 
262337 426576 
565220 537797 
333694 125139 
438014 687005 
580282 674782 
242869 390523 
25015 135236 
481884 681417 
449299 340353 
700754 792724 
113236 546350 
140292 37710 
906158 337242 
386023 335164 
967721 674641 
617569 762111 
816260 746410 
387902 182790 
386147 149955 
341089 825916 
216439 482781 
618017 583958 
265375 757806 
614511 99901 
408978 714674 
777377 315265 
352976 38566 
892161 917669 
252833 259134 
