1 999999
999999 1
1 1
999999 999999
1 500000
500001 999999

1 10
1 10

246649 383590
267692 850859
792922 733293
286060 335164
68097 4013
651144 248765
568869 871873
314063 368772
733297 467583
621411 781658
861570 160651
863303 999577
580177 820965
397512 707711
283106 106404
273978 571186
948272 666722
810165 736135
100957 696668
420038 72098
566483 714795
663148 555513
515920 823399
211251 984176
518307 818128
593017 633050
310302 611188
527020 311482
984810 80337
420537 998610
46020 697734
142690 661995
635784 500451
274968 214855
463993 36923
967288 341244
416600 882513
761993 548829
611119 193679
320575 315798
204269 989995
651501 539668
285373 154884
145640 14470
893439 831552
236111 247464
78956 189259
179005 374029
429239 290416
800186 460365
582817 131271
79537 106728
955429 837828
876710 712367
977153 839185
598181 223449
710231 603785
122768 952409
334787 316962
548239 13342
750740 69789
969977 97898
415541 872567
66506 609502
534314 747143
908242 984824
286336 802772
612597 795579
743860 900254
615041 832629
895090 60540
803974 291
224131 702743
551847 862268
626445 571173
978422 18552
475327 891409
493209 583602
884737 735570
330540 669475
276387 575928
14681 707957
884041 612373
460966 460700
630725 553146
788518 95994
767385 344957
329002 962765
942419 840203
830691 76078
95748 330540
632279 670519
795398 159342
756867 25206
597942 756370
122385 984402
865067 820
109701 752691
406639 485124
327678 265514
121028 197739
143220 278299
135139 459366
909458 864424
97890 956924
421176 509510
327982 313520
526099 180209
578315 936613
51511 148087
467397 219448
79045 692398
842127 493926
852916 827018
538379 673276
547010 360902
197439 510147
259157 76559
901996 299887
657967 599378
556124 191713
14168 314595
494364 581099
719771 886509
888596 239845
667877 627167
139863 512722
552125 813905
34718 652215
273198 572858
507809 68509
569150 593402
468673 932625
426267 516215
342785 650123
93147 447477
685963 885323
902441 185266
704814 928498
129568 303422
983482 955306
675101 675675
695926 88271
74244 868538
497572 10756
567105 950114
27795 11758
928844 292579
215552 517312
679131 918746
815499 310741
337507 680406
243763 242419
417562 55986
388071 551073
445180 159
189622 210915
597863 333624
485787 7058
465245 727923
903102 655620
852695 690842
368680 5178
56632 718304
352606 241467
436846 8893
720443 156191
476038 135847
513372 24477
111306 306816
73406 361226
775897 33618
426440 105755
367431 56051
856578 36984
500599 580952
716414 30661
325427 120503
835959 984552
401355 132769
826840 11980
577860 163483
265918 686789
34324 57731
823017 827846
294053 804728
7687 195748
19433 205342
605006 760041
448364 548819
59645 902216
878049 120063
198540 289886
496353 385744
794770 316190
440907 78616
66630 886659
883380 5399
763999 159721
310122 363886
59669 778368
795105 391750
350031 262446
395696 526409
596570 31041
504801 977413
644062 213634
258357 120045
651894 957371
986896 575843
477473 292119
410463 720175
166010 107859
852739 790843
976200 183360
181120 213854
984799 975736
651195 530325
604270 494764
544256 123640
233190 484407
979910 537168
944475 497688
205674 93310
877852 331941
773245 793714
286525 167867
932461 169752
545846 248931
167578 165578
636658 819973
490480 500343
343030 820894
30143 3334
716001 516062
495096 209127
573828 253919
676234 807355
400834 198448
213001 68153
867222 363613
455022 940043
368260 729479
490265 60388
595882 257791
691004 449058
74015 36709
503148 594208
548372 903560
331997 698668
920357 952191
223005 430450
861793 202797
179818 374247
698516 429611
284313 148034
750802 167595
163677 988764
761863 659099
277009 219149
213404 675829
176288 348870
990128 778404
406977 285637
899409 399197
372037 499600
136687 439990
523028 948171
373212 442081
198538 150829
163135 76667
671767 13563
544123 626921
193448 248875
469366 275283
595593 704030
951180 196703
301247 677796
614149 918277
15459 491677
468837 991751
767107 477670
73762 808772
629601 675264
553061 551909
83672 190283
654203 859761
752587 502315
217752 483541
562701 642652
91354 58429
854060 39551
469435 314967
354487 88626
203226 238844
51083 993789
529478 617601
360249 648299
500192 578885
464231 279585
212620 808392
368299 106965
803851 965094
649796 218726
666062 611838
685460 600722
343507 452066
494897 940504
986645 283930
640768 911111
741039 396771
178887 589488
296254 160282
124074 792502
517984 547110
700203 967913
776546 917060
859385 900612
823004 271924
135392 542606
355738 558592
498857 283497
563040 19299
182710 455574
143890 323664
492232 153899
854932 834783
223917 106881
248668 726548
869571 402968
107792 299655
148136 88097
481749 320587
356584 680110
218873 968072
559456 328322
338787 293888
477167 912210
323111 878404
116691 710306
905434 3250
846248 164453
81330 865062
92875 939536
949728 267808
899514 582168
479967 807862
323678 338362
52595 33062
606345 8944
166130 628138
354655 771603
909368 33934
742247 91598
821644 234180
223000 639888
310947 518695
66776 799350
226324 415768
420577 44327
814453 665009
912190 930286
609465 872262
936680 619359
563979 92172
613967 958318
640243 929443
777383 895512
378640 34906
628737 352056
10643 486407
322352 230743
146647 393498
245517 691858
197616 806228
533732 865608
122698 819989
196229 826593
482071 505382
248720 733873
616719 126081
236940 603513
705608 937118
704052 402421
353090 686916
17016 152481
206971 872144
100855 300762
680142 908258
546126 154686
281004 236791
997034 71496
760263 706363
48851 332733
992868 123207
487706 531882
217684 967338
244560 813215
972686 938488
158471 474454
46251 712593
193844 702572
770369 31206
190394 447982
901267 738905
425096 20009
373916 888766
180555 358857
880183 299207
950640 229247
76435 126210
427923 79714
618596 158132
109548 694795
687953 797271
446162 460423
143119 933839
734483 97681
772446 695991
869891 17344
877533 674260
747677 581861
756517 619140
587377 122012
254980 838178
784915 639723
597453 79383
333436 984219
829394 46267
203694 711235
718612 971676
657584 429292
79289 470575
745241 492332
650970 920068
62177 356468
111650 210475
292562 112147
133606 576920
441443 80676
791966 725348
458041 19976
257993 320426
382496 672070
910349 863021
49278 146161
829736 958341
585904 805454
476365 884560
908747 770536
248592 459119
581925 987629
703841 946709
501693 399329
213368 612991
682958 376041
439086 304485
615285 208717
465880 401322
204705 577435
277416 168242
293397 184970
846503 700387
548419 87136
866351 341899
902577 342893
32906 739051
724622 46333
976300 588533
64596 748644
703754 91529
916990 521367
329151 158732
213363 406276
667828 131218
411118 964696
782607 44357
278699 622750
726836 973068
485612 289395
503250 676185
984715 122551
810755 695217
413609 604314
926840 433407
902475 291981
494204 984791
127828 350999
667708 201162
286043 695096
36336 73808
560324 140992
538061 924863
184687 977062
290277 39781
904855 676076
550934 631283
809502 459445
559233 518992
507161 609879
273696 732170
557510 187257
523004 866071
617783 45470
86948 126406
13089 102799
787129 721185
809493 819241
335505 866809
906762 373614
621812 244391
93489 980596
508363 256837
108417 231269
50165 925545
262593 784779
347856 532930
177770 503577
451827 162579
22309 578956
808661 74636
953334 687439
726851 243029
945381 850897
721165 119728
219681 560770
243347 960155
435878 612656
107021 726035
438794 921194
643344 851766
768322 214416
256649 568317
327884 532414
363990 897648
46111 534413
654326 937898
322872 39854
535631 549465
355121 869015
985 203248
679317 845484
127099 189211
252324 81989
338554 767170
871825 619698
11818 791351
860230 482387
800932 584065
507636 603225
882255 181616
273658 779603
906943 720834
125887 572415
412691 873587
457348 114630
518576 740355
280326 463710
40122 7874
601988 236163
477512 972262
466590 943356
527587 874405
589801 595876
412767 816130
24069 158729
64534 179481
976973 938809
435051 269887
413247 744970
601084 418621
829438 717231
872344 342161
56810 140959
302524 932710
207089 864960
577009 876413
646419 502141
494334 958234
607940 806350
677370 748331
354641 974529
222923 108639
116448 632933
911853 648851
697430 22842
818762 322686
772657 759066
395714 768170
188974 508398
753781 179311
635421 304741
143481 787898
62911 986560
33637 710284
908208 602640
124134 104604
192280 516648
423328 750124
13294 581164
204497 383237
345820 293983
749122 782567
105524 268584
892251 821396
534418 300426
600055 812824
117131 604073
202088 216495
486349 467706
243306 343224
523341 207231
674047 276178
49507 582357
525436 255815
874044 182253
783483 217346
589805 512247
980944 279808
577110 771209
800761 439419
535121 466699
592831 392636
947745 520825
815228 56090
274678 501612
707174 624969
579553 972103
542611 952549
905939 666647
583437 912939
894687 283578
409429 444073
814902 409791
461303 533881
336730 566316
214358 325093
961708 658682
586395 854647
841639 931533
19336 381567
421483 451626
231222 107867
468343 170277
794997 761102
430223 334186
656594 945304
750407 69704
216823 103768
552989 137857
494525 280004
2414 965688
310666 959376
569617 432469
603005 627758
544532 691794
972701 170852
218923 398888
557978 385608
641478 418362
741573 779312
284488 781557
979109 854016
881733 638299
603810 381303
855700 606689
682381 563
937754 78398
504256 936550
134959 616316
831170 546923
106053 492758
571537 790743
839680 368039
935295 875550
596260 506077
693065 347194
119975 277392
651284 734792
400592 110913
30472 730129
887529 487259
13829 559156
541224 540322
595522 700218
295687 491789
89701 416591
130658 148018
913320 811152
578105 810893
900191 421190
719282 887479
68159 806438
663695 589521
152161 383961
951508 586564
882918 654569
761696 214886
391568 748358
373682 939006
895527 279463
125707 610683
824682 997674
167966 856181
661545 343347
467071 809043
911582 588461
530608 3795
907079 621412
913727 646164
893612 448761
946631 882394
846284 478212
509744 25704
89697 720016
792376 317449
622751 955604
64475 240055
875435 609793
324497 476745
615929 435613
611194 954855
842268 974528
236929 484467
514888 368280
27329 392723
470270 346536
361160 616878
361725 665298
588274 91930
416573 887083
498414 797087
736889 908547
690980 231314
136494 791403
884646 315598
706738 32354
647094 206499
489218 588149
656263 559901
206189 36907
134548 549101
647562 379860
240702 289126
589188 469960
256154 937132
88855 807304
315194 582855
412929 583973
970793 381314
869742 989655
939024 98343
2480 701410
560409 461309
449813 76208
854873 756142
106784 741577
771392 626813
113084 811612
770050 931679
326354 488067
688836 306680
545109 903541
362967 403786
827595 805236
713129 939570
808247 697365
66321 391850
247078 291
943874 155312
886636 310446
432672 898186
393791 894840
944288 298217
772883 712438
16348 799844
218153 702798
447964 170694
8833 2162
246729 328023
801124 450544
534473 955179
170471 60182
827551 438220
842392 731438
246348 421235
457230 602315
77481 176389
614100 837843
269129 89694
256453 253384
972037 599144
700166 421401
982499 963914
503562 790845
986665 596823
486787 944492
684388 219875
351645 916512
355610 534000
643280 627348
655264 561114
177952 253416
665261 60202
244300 883334
322361 940351
501036 367129
453116 413690
122163 540060
633730 600468
475244 733097
504961 762188
650764 179394
510999 703157
119968 54522
253005 522363
466902 407641
762158 235112
532257 70206
885289 324855
620015 586590
342693 211982
275180 161252
482088 45741
445868 634756
80337 32728
908483 101767
148255 160646
260438 768812
505996 647186
477768 513382
407094 326064
910417 345476
923803 52048
804633 25389
934668 314174
721145 529824
444774 901749
179607 97976
848959 592132
324502 110356
156736 786673
743041 729168
321221 117263
13138 313226
676429 52361
928754 517801
35123 859691
398277 611958
896625 732762
183155 816531
510579 332658
964991 890257
857899 271899
922390 238502
736590 208153
149172 77738
647331 388488
419535 301847
83508 813769
875455 122110
492299 513152
508351 900789
339348 272157
603094 432180
576967 855688
957083 900356
942294 881551
359873 502571
716842 185009
899448 899350
649152 612979
683583 630838
686309 277849
801598 208258
70593 995934
496505 540084
739711 599358
442877 457965
188945 74759
694873 478419
837413 85248
358648 731756
345256 404690
40300 606508
322575 495369
843002 134418
368114 684217
393982 210342
502203 354876
384252 149090
872829 637473
460218 144339
822755 628416
930737 988627
598367 993595
762321 689946
511268 754902
744971 456117
825923 664618
101487 633394
770338 725434
101853 152619
879678 315838
313286 818066
376535 893849
952252 825760
175741 201849
308582 175832
99680 128857
570374 441429
865925 826868
379422 877387
183352 839696
855657 758168
363826 216406
19408 465143
829529 736515
225935 590021
711879 573977
943306 698937
489097 354481
648844 973185
442726 61922
417623 386297
455436 438429
985572 647241
247140 988565
719735 196839
408254 884118
895085 697087
492514 471384
697427 835589
987329 990576
839255 291843
811335 149187
264975 741718
424214 314763
608640 892466
487731 815600
408640 436774
801738 450773
664965 736364
469072 714410
138579 216367
491141 985356
729412 280309
611161 922884
895409 231882
172969 680960
653405 934168
318425 996086
303366 991335
139252 538486
944681 227140
430142 621023
519954 262396
710908 177562
645487 103148
106051 318010
657223 836583
113376 360638
605581 503513
455993 337331
966736 865841
434307 358661
957326 104374
704323 670657
361208 565349
914267 906048
118670 844658
603338 561491
726110 365215
292172 541423
278194 491021
106861 251610
82268 9623
362202 915867
163580 618081
330950 649030
55635 686875
575197 24866
810885 696860
833413 281658
327998 400126
348265 347181
813653 999341
955664 656928
222876 591164
215057 148749
409065 15493
67769 831237
487191 716881
339246 677719
376160 136325
57159 120430
795986 512197
203651 242667
398471 572819
975115 494725
