303276 279872
141528 904190
355681 766611
429699 678893
312970 776994
673146 594877
560349 503223
118951 571521
951164 554717
254098 530388
506110 578836
63344 347433
712979 987641
620397 224556
673821 156201
472313 787660
952644 18806
770179 212960
786549 388281
648841 820309
53248 843906
107885 393601
195814 742837
570010 724636
861186 461089
627705 976978
960342 692493
541648 170487
757865 489946
912548 388676
307763 34270
151432 189521
23719 869378
603070 761748
539034 109987
957339 440295
203490 14578
188209 892907
310554 156523
728998 56260
415576 24898
483364 764314
317256 20127
554136 59309
957414 204423
972619 435879
398633 695583
58596 239319
690725 924212
13558 190308
133489 384617
273920 804650
979937 567133
635174 311146
300717 838051
951649 621185
300879 80624
242157 502839
425581 171601
965154 331485
484644 267034
965396 419671
650260 45334
221681 231948
723036 954308
681459 662941
19745 931350
807218 302116
456375 376399
531808 700543
477706 290135
591238 581975
858100 610209
641133 992516
450409 817053
622652 753412
888362 148216
280744 624549
506160 949233
710265 322304
300745 188896
560640 363630
396004 438625
783242 734353
257857 904209
455237 349756
336043 462481
989648 739070
779086 198269
586912 675596
836569 530165
699917 874308
385822 246005
650393 92627
56998 134683
534813 828291
672716 949346
923511 652175
36179 894467
64639 770743
669103 143035
43194 993353
533018 165631
580963 172034
66110 144957
137033 727405
793038 298082
271287 963606
302506 553955
193106 907007
19368 923336
37079 984666
807289 382268
967831 941209
565947 179673
677172 547756
338323 654995
855176 164251
6406 938175
311843 541365
268916 530334
513272 367632
590591 809341
599511 547905
650726 441607
672763 912063
6668 244398
422218 933016
160448 385046
756912 911140
739997 942978
89556 468573
127487 859734
29110 523128
704310 661148
245267 945235
980399 363779
984762 537831
329116 930410
252822 690765
340867 853423
236019 817697
601799 435555
459517 132859
864871 628890
662739 388098
80581 435559
178763 318518
384418 630977
457181 461611
533970 412002
761795 855882
850069 245537
67405 140967
347202 172070
652224 776594
136321 528423
822741 835834
38649 314110
625676 284276
917582 160852
265152 732395
367156 801161
157636 192601
51648 396643
321966 46454
852057 319511
148927 75078
85129 947454
196331 883144
913836 513162
695295 940636
301728 499230
954044 545948
813784 122803
82704 983195
750483 754495
317121 1851
494067 310972
66390 233430
938566 191632
799603 573826
960025 394996
751834 13010
543362 829375
6077 839456
817355 58067
19895 983131
938245 128168
268027 641601
381185 449703
995683 792248
93439 793928
539579 55382
213422 773892
431741 103444
612833 329157
742646 906799
901180 619217
182311 768961
325880 735712
767923 756332
205573 339340
982455 269547
70739 726420
795348 569152
242903 485578
865582 840298
362127 459451
706649 836599
869946 183987
6619 494241
784611 1653
923948 620387
217630 777227
319428 202540
601732 420240
675272 865438
393119 363777
527650 873882
582238 533265
937845 713963
759561 335762
762226 553781
353705 875149
296249 407797
626903 975495
128631 804716
179419 353031
511560 432139
441573 675346
963577 913607
901653 530884
733066 856832
210515 12294
774554 290908
363026 935191
77921 546119
959048 636803
419803 772246
115266 312134
880297 717076
870785 245700
462920 405337
492534 701259
931792 652427
956152 446400
792978 395914
881857 334049
147216 664819
49966 705746
194477 29079
73772 548548
110474 443948
377028 882947
825602 170824
820586 199863
989019 87407
311215 437636
772513 212437
22401 654378
759486 368412
938796 491044
199884 680356
97016 471044
635382 665682
976993 566211
192728 47670
609038 628566
719234 589692
883913 615620
897400 217526
526683 212894
13867 993180
200201 647495
506723 198031
715299 541348
90753 355535
845294 482085
19517 194638
186924 540819
149743 122077
641890 665962
870217 697765
7884 927034
62210 787449
51126 632943
117467 437617
484075 382960
578285 470300
515925 537678
927205 584395
664628 680235
593566 800168
402590 932081
19268 337120
833908 667251
704416 718922
623567 414361
555022 62266
514700 238665
75788 118353
243519 67406
798350 753790
372515 967588
121329 480693
688701 594725
810256 93940
92594 702553
611507 512430
159974 544447
422509 535797
444189 668442
309987 357673
204678 372472
797735 338532
914246 158457
660910 557640
752607 301688
823051 338072
976609 205648
799555 212982
477641 238675
486181 710886
846361 359536
341500 920509
925884 868470
79641 311856
459731 785571
139227 439435
930889 488780
857662 955737
663255 348289
677411 204580
751579 647339
425923 362399
806630 164791
733224 773595
564885 563157
354779 845904
889535 943725
248781 921936
106993 446971
792373 872063
116887 409619
389068 666518
516247 985252
725111 62106
276491 930759
70108 379678
848611 984860
80503 526144
968398 435639
990348 269859
498672 597333
30638 380439
320439 766374
214215 936109
970898 502903
467685 841605
890979 701949
760815 182798
430317 570068
832564 862619
679071 361424
871766 189059
644417 567941
280334 917733
243157 202640
774589 935353
292504 994274
724986 368163
815007 559623
442145 145228
686458 613436
705047 531644
917481 683620
945818 874925
331989 868592
995833 469364
610834 521321
149741 120006
844019 527035
247146 470624
33494 344593
536766 849043
647146 506033
570761 759258
576589 951618
548484 480184
577094 929056
39695 654618
253127 326986
55412 615477
949553 607106
35070 744229
164304 391803
432079 633418
889085 333021
468548 585559
998580 403374
282762 32728
962901 148725
125472 604422
924638 445758
753272 132145
302615 874711
12372 657492
694754 644517
442371 642971
556229 884540
96809 362677
827905 397072
177936 876185
128226 948945
405511 154387
671590 586920
320345 578132
882207 731069
204266 436387
163886 687609
757884 740861
395059 554302
660221 802998
773473 300262
107700 355216
958843 799357
903335 496091
503876 450408
811106 735941
44630 370018
360463 688112
696467 479075
23956 232171
296386 694727
798603 323960
315775 92108
505494 283221
918248 14589
728358 316611
698529 982674
692643 948292
146410 435052
740531 526987
183297 546957
65558 313996
547639 584136
110615 734064
137941 870994
25699 569472
811993 538840
32469 386225
745006 309233
566297 499722
394197 679209
679487 149282
39270 842663
309276 599790
972763 4551
15455 261195
632627 884314
105739 276015
943368 449998
839236 167423
831820 932170
245095 139726
987121 65104
823976 189142
843612 777164
428539 325422
235516 338941
830886 905993
540819 124166
483762 348221
27824 721374
277371 40716
915599 813541
190499 741148
138517 562620
866476 116702
461852 767943
412313 917658
557613 474254
943671 806247
299613 624182
57445 543869
490959 758255
738968 524037
964703 934177
325747 522641
354702 145072
134101 613119
127328 757737
675906 670030
58075 950677
900964 897989
724605 270267
614045 455187
988575 455479
912750 347680
282892 894480
719073 925144
421231 571357
426844 238002
54631 550894
744230 699027
371242 260476
344824 105071
285757 402245
66543 956056
966507 318675
415446 906328
194777 188313
883875 221624
559546 472413
337401 139167
644757 258111
369560 835833
215916 968582
122720 310511
84490 544591
946424 392519
865122 963332
836042 108955
276242 407093
14272 646231
508966 839807
394423 840694
306211 4237
535015 371913
993947 220189
14366 462330
906421 636983
114965 968340
368087 209574
220270 595995
604951 723296
196671 749121
305366 19864
2393 321372
87786 111110
304779 212602
549368 342034
180067 929547
563126 904940
843396 947691
356019 160019
315712 913010
809534 686392
316575 622524
395534 142829
182623 363044
677246 329080
850614 547477
231563 755934
386200 235721
902104 742250
291134 809901
786482 837092
8293 846802
253045 782374
124390 275176
659725 487231
910923 337503
447429 676447
50215 297507
258436 364377
384446 686788
842861 172934
106127 103213
856726 57316
59059 253204
367710 817257
461753 160517
967170 24865
536201 201221
779303 9023
802385 130006
820589 381258
105349 110731
279654 985158
949820 335089
4708 530606
753290 413292
789283 884217
456482 420585
455698 217490
556565 400881
634194 587526
573645 675987
343535 242498
86203 403428
203857 954525
617681 777345
321481 180259
972152 608300
270214 693311
998064 599586
617505 387804
350621 917769
938601 304391
616298 946104
873234 107613
380441 546678
275372 674486
525456 241148
158684 154163
597281 498042
572467 267490
408290 811442
710555 104784
827695 957180
415337 408856
57634 332108
985947 10384
379616 850059
193790 776841
717499 165557
218249 71224
266984 617409
669976 403643
138490 322305
803941 622229
215443 547486
24093 525892
753665 219655
472353 22646
90463 498685
654061 817960
528026 692598
449480 300182
764531 220895
268207 838769
659381 877805
497938 65756
648581 29031
578958 718379
572365 303149
571933 737074
212993 972190
94413 495028
688651 75733
814967 755033
730199 850148
764720 214746
512302 503768
990704 633905
590000 194489
664258 314198
84551 130606
974204 332867
416738 268217
772481 807597
264469 66673
975702 66340
283522 354246
319820 721920
740280 303999
811131 378788
879370 371140
683736 533427
562171 555422
674450 990568
98024 226217
510418 811350
29975 388784
800920 750419
989611 752388
473439 966311
979132 929038
140994 340069
693029 967215
626789 926761
759464 215776
531899 279829
51850 148152
289477 757429
648384 24880
48409 173682
98902 826130
255449 564490
160185 569942
768584 905010
772781 948431
514054 679245
705150 929046
999519 364530
47692 311819
657471 827879
573869 990634
178589 376142
851176 57270
798532 65271
845178 924812
971183 712750
328049 10167
502923 180822
710861 298319
679234 706508
786239 607248
181197 902558
906943 406875
147859 553809
425260 418958
696379 100228
439459 671538
427864 657455
89317 62229
652077 901309
751448 478240
694633 744420
756034 425413
492710 631687
102371 513589
529496 617662
361863 542738
834508 508396
985925 40148
421606 450689
94834 510031
644588 317949
558650 405930
460688 544545
591438 496051
501945 867890
131205 812182
491598 352454
582880 233795
622888 16768
504015 476486
130458 302863
930477 492572
465980 262165
186 738703
95797 117593
945547 790642
997075 909432
632115 328859
665415 462467
169487 452096
954572 673103
331744 138071
751126 381993
839685 598443
812784 278108
447001 459526
533065 160317
434119 598089
849650 537062
300581 785997
575863 594908
207747 752923
888021 85708
494985 351848
556777 835382
591544 610063
484314 99166
388141 192598
725133 407673
25616 853547
657148 938609
985754 353132
322983 738656
436245 645245
922586 638093
806873 750271
419669 778934
915429 965290
572626 95602
724842 284015
816827 355098
930115 981420
30806 933766
807732 870081
810844 104551
664123 800878
765418 151302
408166 508172
565943 998898
338324 276350
975309 736406
452085 975667
50122 675336
545100 225208
98576 938298
758153 151205
224891 405773
86378 802981
903998 707696
328041 692198
62319 116743
546965 765145
190008 500430
500010 76680
314751 149929
901945 755519
214038 299324
526488 124504
80390 89303
225499 222014
858058 151876
405501 889247
635162 861963
56944 456794
197965 935018
322867 904704
608667 581542
437701 868314
710789 343894
555606 506982
914846 336618
456721 76917
902881 300653
193689 897703
892319 846120
663569 538313
519988 753729
573904 225356
158738 325358
341606 280551
975074 202451
952153 486033
569642 707693
749909 668737
415575 762552
585539 709264
881396 4510
242442 424935
160001 24861
644681 397426
198495 362451
835301 67178
223421 894616
752005 320829
379183 121654
564673 15833
54958 318963
570726 707004
296957 13206
52352 72010
605407 690680
266222 555874
217693 369924
92230 391863
765325 759389
224842 352461
641238 793109
880602 421056
49521 169043
807053 585297
590498 250433
859469 408105
115998 498754
19173 914708
484796 667643
540945 70933
999580 346843
570140 130742
683934 627122
562949 309455
189050 185233
390298 232196
153726 638102
804517 987841
790234 150049
391951 748804
95446 217590
163783 917856
964568 602886
153603 25983
500385 350139
318456 400693
383915 566635
299490 64326
186528 440237
705347 92157
922920 45009
179026 173391
73674 89401
578722 141539
965700 271495
514000 461187
227507 321757
354932 549410
968672 112868
615254 970324
129644 484889
335699 763881
312142 571278
883407 134045
853802 358228
234029 646683
218219 100529
674975 924355
98839 80021
310860 294386
308055 925222
455589 847812
257484 556363
747025 728205
937451 718749
399721 217975
141879 672947
619396 718709
311389 700502
977395 184078
831198 35196
169881 268983
862948 406094
792247 354784
830807 648139
629678 904842
431377 521035
802743 699962
660139 922002
943510 484569
724919 541270
802118 579964
157804 332237
609814 269713
49436 952909
359086 56047
797062 697884
712321 576032
656416 905480
268000 977737
591011 402950
667754 351199
387724 536744
146232 62666
402676 857778
365526 481876
267990 478014
852576 659576
36291 686101
723325 573169
533515 583511
935283 700420
880845 179526
785422 914638
78223 587153
672240 119730
623650 645032
891841 889903
128238 519674
911091 463657
346167 892069
771633 235074
637861 568970
519596 87517
633778 941011
499485 508658
835903 674200
52494 336050
553335 490257
611447 257753
381766 735975
939822 925451
971923 485061
840668 514040
11484 743609
635383 767117
357615 622258
434099 626562
522390 8264
480878 343204
162815 865014
637023 908623
510773 110006
820548 458811
271602 404488
773216 571725
26421 450067
820896 275856
911086 146112
756596 925354
210296 388737
334016 531105
373838 870481
928642 382841
354469 884469
636694 907897
713991 933923
21886 602961
645528 925657
641718 315178
387401 189355
913487 746748
748097 149654
190814 513443
872959 253514
729547 266416
91942 886977
20424 391460
41590 283789
752609 236322
550084 20275
889735 687437
175482 894435
377197 358228
53795 831957
966304 860236
383984 999858
407326 448433
260906 126720
678339 458247
208807 956960
765110 265101
789043 135561
10469 690705
182727 672249
275283 61060
919347 684277
388263 498069
686130 47244
123059 85942
649399 499039
176626 550449
235692 553633
877033 779603
794374 318557
752508 931486
829319 29493
725290 778099
356114 943332
864065 304411
152029 66207
437874 402864
411282 578859
549844 833886
587843 189603
548421 120018
303130 110643
717278 332233
170548 775684
29089 210865
589475 25424
725320 212013
648977 3715
172281 831697
768598 991000
458234 770377
615749 634764
56333 212922
318979 416883
176866 293117
150571 138357
402377 321999
772013 807587
395822 583916
565255 829319
77956 936380
870708 273069
102476 216356
333279 646234
755850 219247
380592 872716
865590 30264
531450 274707
515077 348099
842194 851034
201162 650478
64154 556271
245076 33507
309829 294512
753313 636012
344533 395022
492492 668903
542061 582058
751002 941124
424244 426013
325070 381880
680121 803989
655196 456957
146754 364474
7283 27095
483649 889566
135481 649163
493405 124743
303123 401743
2189 940004
896585 541884
985977 796446
791266 320539
884082 166576
668677 214856
288730 481525
527231 342016
964715 229752
275876 197641
137617 762935
422018 949085
126430 424359
309202 412039
475270 965314
975497 254515
797496 517016
218937 185713
387043 3070
280022 863294
347038 442077
965822 131808
946943 926986
920432 535817
649603 973279
123635 746881
836621 429531
246138 624972
178762 399623
342415 196009
445275 530662
18049 51781
73828 588018
26718 378532
159709 138535
972247 246128
87159 587329
987385 894194
589644 812707
408670 623524
126419 594442
201990 976146
412304 935700
673949 764798
848573 595176
504 740921
971406 460786
841197 593748
735627 482060
915639 106709
826165 768073
95715 587242
556735 275748
181001 152506
284221 43506
77592 594459
169802 627387
442065 349572
225612 313930
713016 794166
148886 189027
164085 44245
517371 30101
756244 297623
239910 840717
187386 241854
232188 651718
862261 700543
89714 554278
432003 476042
686304 612509
701745 992922
261451 798189
649924 727107
140676 321843
236630 20283
583484 460575
784428 425446
813705 606875
251114 41475
493748 468487
599062 756982
699380 251882
391145 778130
69802 781339
140908 81107
515942 826887
338588 198915
153943 249600
169412 435604
612683 226035
196615 744550
750721 755098
421625 360753
387122 430784
795926 512217
446897 83354
512160 147976
429452 832239
458228 727292
619055 113816
376133 333983
170674 201708
649749 866285
842196 138012
764829 930178
496700 527455
898322 744915
791693 468344
990281 270541
385523 68489
175900 154390
2802 118475
536029 248777
558961 281517
300604 966032
324013 631453
371706 191145
185464 610434
338463 271245
