577657 320336
320389 628413
291956 889691
97274 532690
609026 616699
945545 760601
852716 150432
987921 496707
633888 916856
896411 86907
252445 459364
929327 276458
418865 944512
885717 213055
471103 167213
78858 334133
138747 817059
903311 3557
401078 590326
628535 890366
955355 797203
58862 880341
551460 287343
643717 254896
270209 349200
561081 175187
404629 841738
904890 464005
277221 30479
335611 194955
904760 227911
273844 804350
607174 964451
358986 668882
349038 98050
921122 115971
784182 640947
925700 654379
253720 160133
775768 477039
784037 247811
730453 580465
912017 804816
660025 672606
288663 915582
539379 906404
542190 708287
349749 87057
858704 861397
35719 656293
400612 623156
696555 971941
881402 661515
726237 427259
153995 300534
229038 47739
354747 805098
148940 955494
260913 826259
361069 217409
476356 275144
140937 552297
96796 151936
163828 589585
270824 101773
185197 394543
229841 241280
389280 52771
365494 436452
962286 671468
674467 308995
487872 309431
547696 214176
224339 117999
530257 372731
637332 585292
596594 902713
378280 102062
467096 906273
282639 148195
916406 583817
599670 613305
477093 777623
149159 768028
824252 247429
988288 831154
237985 350325
597540 275599
694754 993291
32896 844053
722829 139440
813532 318731
171021 534204
163205 22262
766913 942186
929292 348942
914772 102506
65738 52853
423310 724209
24829 301468
621759 517097
271508 243535
442350 24270
111609 910649
500492 324994
955312 368230
423418 279483
842922 11904
251544 355855
279350 936536
681035 466467
885581 312442
97254 177350
186093 403666
355781 656466
341029 269831
596910 145993
891299 705551
716705 532216
966143 538408
453809 866378
842965 295035
671014 294061
434824 177390
830142 372179
488399 788420
812131 103343
893609 629304
24730 117860
171473 711712
154840 355066
288533 536396
107922 909861
317395 560297
698702 878525
766597 420281
634652 376467
408868 384748
592562 702557
801110 298258
870109 368194
272310 756028
719683 649411
79788 798695
413255 116601
514185 75853
294231 548286
253062 750152
496655 268888
147138 809351
841648 544691
66740 679467
45544 680676
676590 707657
960464 64231
15618 101506
27777 138378
754513 864481
595217 288216
148545 745193
818253 55325
986591 504551
476876 457235
913643 755610
56831 674516
960048 28311
830646 980708
518806 809151
308355 88420
98491 744321
436224 396689
371611 705964
257738 667142
372754 908289
312294 842418
930570 426935
836168 959150
523068 15658
552683 908374
391928 595918
70065 633108
793886 967024
932716 368073
935577 62556
611572 136379
433742 59826
599113 581028
660054 927470
862400 315348
84330 225983
364931 518061
541296 511163
632218 600488
629900 614081
268001 275884
95192 318514
290312 946794
925079 359118
49650 142367
229443 60245
46050 662898
302680 329657
83835 338714
865649 934331
907094 769161
980348 596707
423512 410137
992211 73874
988627 436966
258282 35657
76064 640282
603743 745829
51798 141870
854289 604845
447606 845736
849107 927679
592286 295253
268284 586652
45548 235026
886817 93565
52172 826891
135502 275797
691633 66756
73616 890614
100369 583551
885078 69125
22367 61615
943367 751791
69013 125358
292528 693422
946110 70995
176608 877601
456020 202637
356230 599925
799922 841500
372690 919872
630056 785156
489537 175106
152924 465339
514255 509116
838658 939663
758394 346813
913955 83587
468429 204572
84736 590389
346826 310387
649150 589686
145909 305720
342914 953736
964963 449508
124303 110158
135246 377997
83544 43078
675223 790790
229930 360174
870933 18383
339634 815258
652427 431135
962282 406824
8631 613750
954662 486283
342146 70734
687250 769408
50335 195585
562356 447849
979151 561725
372850 83667
524598 850413
558381 702757
836256 640290
562526 284362
128857 934182
831706 833900
904688 275186
872806 177756
582212 480880
634504 632938
307042 555960
233301 125357
259397 217303
303251 102806
449710 685927
222702 577431
313867 54754
256002 953089
535137 161282
105081 799435
477493 831623
48062 647874
156642 708812
423196 190895
416248 353382
37572 737188
160702 196346
472637 54961
405196 942778
372952 703178
986998 143704
499372 886396
836467 803685
561047 704848
412379 65698
801402 543772
578175 795400
305742 851775
222457 449084
350274 881286
762374 592212
87461 429512
583217 549387
486135 774926
453310 19204
469249 571357
876562 847
155643 632927
842953 440770
244156 214660
691054 831550
92769 88766
819938 230810
722303 410971
950769 768248
647884 519221
121756 629076
498650 430486
936882 371977
950390 625090
497340 767236
886486 38776
149098 769307
610220 723362
956407 238697
3222 419775
117087 89062
195816 354823
930831 883810
140558 443810
915944 951950
41456 562361
798626 737006
516538 559954
917378 433134
105854 609450
989694 548403
531454 735311
4759 726662
888901 306684
367458 198635
826595 573481
619640 903961
9928 102350
784814 352392
564749 879814
397256 734198
609833 309583
552100 295191
723742 802004
62477 482038
407936 906773
544340 52064
265902 957775
189946 895868
267797 349635
452273 489777
734522 463530
89241 188730
547866 111818
936891 701774
647473 168655
192422 963297
154777 493049
267946 466847
61208 27988
472463 11467
472837 940939
585735 627865
618798 758991
55604 127220
611873 285979
629870 75805
236078 456347
676360 380146
934065 256837
538398 140761
674602 844000
6247 656601
731959 916463
359403 245475
230922 789610
124956 361015
16103 706594
309288 398280
356134 688185
957122 189050
691082 592591
598580 2831
29385 641689
665679 860388
121172 961098
832994 462091
909528 4615
61807 132062
849553 780299
274320 27207
392080 134878
831155 282994
657863 716551
544816 685655
975855 705895
379748 800390
990764 113892
463958 120857
418398 724458
925346 299286
739751 814952
462559 783294
827793 400740
399030 345206
390052 785579
974167 741263
497608 432420
159610 74016
478234 856639
7779 355829
817710 416225
102263 450642
329976 420404
594277 692192
973192 54797
17117 606744
405538 780753
747454 816928
16417 71469
373953 182066
390183 200084
358456 686256
497436 272153
720205 678779
783561 884094
771805 806415
739016 819243
128251 835139
416562 560431
738896 230425
436420 760203
642223 484336
810211 392114
27781 82464
395845 466006
132682 611351
184904 758860
765116 81096
700381 566590
999644 328837
568177 527462
112979 303399
619701 976020
18852 413150
39896 777338
275152 647322
569221 669029
737424 175830
105814 821643
973342 949415
138436 643664
990953 270213
320658 798391
716951 456739
821354 972619
49134 927771
888329 531215
325882 256729
119205 826590
380075 449398
914365 747758
494162 644695
748315 261071
546122 441812
232449 154737
808234 638460
805726 146603
395407 766026
647963 156512
565120 379156
25857 477646
350734 521405
681475 777110
516599 706973
889553 917552
538163 468801
361335 129826
443326 479027
112452 549482
619227 231839
724817 86595
644516 656729
85742 427431
139366 214008
478932 192621
802393 190697
515794 841183
120787 326903
729698 81584
753280 818472
597024 752149
304232 230050
404897 752495
128948 608347
649961 314396
385574 469183
136134 682965
555290 830050
418142 769971
905317 527054
816445 873972
462319 609002
220973 142670
934301 84174
653606 564229
797240 932961
937215 691104
470295 927716
588571 576650
66442 404730
105249 737684
252174 251261
268236 216760
835772 628765
243084 744948
804291 852047
230896 983033
77660 443357
844669 662433
724266 780912
151113 85567
501087 142515
696585 893166
321815 385732
610930 324433
89673 587845
877405 272729
384310 798739
64811 50294
50959 891201
588107 573418
410565 36629
624894 773042
397739 900278
27148 794359
28070 618723
190895 950902
363523 789960
378161 977707
762212 451136
562089 310954
230655 569639
183073 942363
412034 533303
990349 534314
901946 83742
134205 912008
615106 771729
216005 167745
334224 979366
330654 459633
832750 392500
937687 704037
530311 605996
298783 276120
133818 72439
987954 412699
661237 790256
730735 519316
691189 97093
200535 191873
770709 708548
364514 564518
632842 96267
360755 148863
142239 915562
190590 271979
812024 215420
872955 684269
83704 939574
984587 991314
261606 60276
238762 749810
121293 972749
970962 699666
971444 601080
207127 932190
556506 461298
908330 155881
332057 918362
145633 600322
15044 877962
452474 289358
121035 951477
201136 92510
631824 197832
768695 828735
710544 623899
90513 933563
247178 663252
738578 669712
433016 248833
382696 602874
910702 494290
529683 99588
927769 814688
555548 147157
656642 942115
245709 20064
676885 432492
624147 87854
703651 729166
95188 98593
991843 644550
978206 315788
887061 572815
714282 109850
24459 574170
568283 88104
454800 744132
5529 920230
636693 723914
248521 633509
469465 678860
366379 911560
654258 585563
528437 226177
888104 767178
348013 731060
350048 893611
286010 943709
639577 556695
755053 225307
655099 882322
773741 967205
845739 46489
125270 842848
827404 432552
864005 818959
383078 903403
929181 708723
197237 265945
574366 728469
395774 356189
212786 449137
599480 296023
573859 590010
170180 705959
210645 637710
420826 690778
448560 101292
623809 922473
5543 53306
531008 325162
416832 863701
867967 758020
668858 493857
897535 82382
58504 738549
656427 996222
214753 818923
841134 997029
439881 655415
551817 891270
491949 147293
254035 431848
858847 335077
596687 385554
397004 253175
306466 817793
138425 671920
972435 271256
860985 101437
864967 1986
686000 116227
244483 938259
805516 270350
872965 317751
779612 915773
994365 682621
617276 481254
187980 102163
115560 80056
272452 315333
403278 283688
945123 561418
522666 682292
19805 26176
324923 273402
908956 411352
895523 325655
943249 854515
292704 592778
263500 583055
119592 760644
522475 834462
299745 302917
387594 784127
559392 685377
720096 845680
621934 421951
714870 891841
273163 505385
585954 278355
850411 310415
995886 552904
383071 350531
71801 276032
157701 791521
795465 967528
559520 151982
795856 389967
733105 94920
185651 835316
736358 960480
18026 151448
588813 713013
605517 889396
715362 683880
226908 816717
53825 937850
289907 742454
875102 443416
924619 26172
702165 264992
35177 782720
165352 319902
728137 803539
60879 179601
217896 686371
585489 244934
978198 630848
333415 599461
48352 978001
169619 641504
998066 881133
737243 546569
410763 548098
240718 952775
820506 209081
822098 86882
673014 415054
991500 597123
681680 396269
508145 543935
495438 356387
498882 843783
224659 611228
660648 306604
736528 189549
363529 475519
261158 224582
374477 194085
230993 35139
685180 237005
940188 668605
125263 721971
993792 106418
543113 106225
742918 497739
155465 664716
670954 126001
95088 896189
403151 907865
456295 933484
585489 144155
599346 717181
191516 323843
22888 492318
935141 53665
66893 507088
222525 77881
823060 997538
838315 761654
155995 333541
367721 229542
771868 425828
102560 855983
282954 553537
437195 501040
652494 555953
966424 599134
58915 696647
92800 320080
298076 770568
493652 734762
610031 800474
410754 255555
392150 32900
334844 343693
750027 777516
575905 569225
609447 262188
315834 410573
144561 235105
134448 254732
625054 604199
715973 475253
16862 279961
570754 984666
310297 571074
108750 210788
469770 913305
975969 955181
796234 705287
627949 46752
254235 278741
121240 892778
974328 647480
906427 273897
185249 20373
90377 280392
373328 95461
643474 279701
860465 369250
925186 529152
400590 679793
138569 519527
996731 23991
651836 531508
306141 497623
784159 101815
238851 970154
535108 55371
19310 357926
205904 202748
439905 619702
656549 865977
445300 79620
838196 823494
507478 823042
18060 909059
623564 150085
635193 862888
714437 7327
990281 755219
193722 980420
597264 700616
745032 56206
255509 102325
569292 94179
41267 628416
2067 497863
836802 717170
911716 162293
782574 105473
172229 260230
16746 913023
896439 57406
550883 459140
304389 752313
553281 817611
39451 440706
803500 532792
949150 804529
159139 973944
719623 795923
821685 481263
855526 543821
588 485406
793249 957899
894002 549926
54988 596120
151464 136146
734114 923178
376597 80054
544789 503964
144053 91368
891123 649266
367303 626575
161363 798885
164145 964231
369753 744844
828769 697604
659009 89233
719574 68113
526055 524165
763050 636192
220307 683651
96502 860768
301784 871599
27387 797805
153983 860091
90581 882673
938324 552867
913657 976142
284346 510478
310018 982613
473632 237415
418799 463153
805526 981684
16733 695030
426476 848725
588928 719759
88281 158009
396223 810100
797765 384605
201505 495513
944614 140380
552837 827313
438712 618665
591663 862961
250318 670114
759856 772920
133982 91970
742508 788500
54237 256905
308173 270525
304739 59814
645399 217431
707184 294485
825839 630954
523260 676137
380268 436827
494824 231600
532601 994641
43023 950555
190542 754972
353695 104623
194202 116542
648845 798674
904677 490741
157105 669843
883872 744698
325621 617882
782333 33233
286919 680
556173 840006
224634 747449
267945 561499
741774 147700
179958 920998
478226 49760
823505 412671
224057 534356
232539 222330
618244 582435
505267 586354
694400 684553
9806 979527
737699 340068
908746 934244
182857 319505
395825 181552
90418 891262
706495 5300
357569 568138
922484 507175
71828 377793
828226 730471
998032 581220
48290 70124
641731 216752
271672 603746
366711 888495
952455 393488
734550 720234
623247 781843
724622 355035
208526 356018
917959 536373
173350 805048
634393 825051
148367 950495
286640 363382
130943 631790
728156 686861
590105 745865
236932 86336
970007 599069
256001 362142
789553 755386
753164 402053
946511 980094
871547 249172
451667 184702
171389 629086
27481 322567
810986 931907
798594 716179
944576 237682
179077 212358
806037 33602
94536 493850
459733 770013
790050 977381
246750 589147
55449 603401
139139 389860
22628 684897
452932 208683
796315 140433
723990 594448
363185 762623
281424 369097
552636 905716
