292992 932579
696140 640344
751708 239184
886825 763791
517842 643800
204413 492728
370257 522264
901852 517861
183271 386507
89781 458343
5282 596411
703156 959882
466455 23253
723419 665590
178358 704072
516132 983405
636653 724329
135808 900418
963512 22635
176268 481355
178492 380680
486140 548748
415001 900050
578667 598271
798614 668447
568672 803895
776916 271829
763779 243372
807137 999255
908961 497552
703328 425094
480959 339982
661481 128824
752457 624994
663514 928724
618407 354064
821461 104548
902811 236464
516655 993535
346792 315271
174042 427521
119167 950957
699349 395003
706386 506488
394259 615348
4041 97589
552499 997055
949626 213981
637937 702085
351033 301452
142868 481497
655515 964329
98102 70386
712850 614757
575978 571699
930027 262077
999220 561251
725091 210628
956254 431478
229173 350514
558883 745270
960158 111384
742326 909786
837420 892320
123930 700510
705830 778853
182008 873402
255241 280110
455845 968090
406924 31825
51849 336952
805957 51070
410260 531050
261697 366515
962527 490870
229087 521412
748197 701302
144853 2582
123147 494330
894902 247076
194842 600733
537987 888905
474136 793227
169016 442039
761319 87997
473863 325225
937004 279821
376294 347266
322928 150048
713780 285457
152975 454924
318926 901171
156228 975834
903753 279374
470165 798656
38508 665006
911446 576494
65971 897639
369722 234986
339679 643098
322983 325599
968322 259988
117478 856673
119311 440405
6723 345149
237919 671753
800072 68902
572926 468357
44737 988736
259789 514902
299451 298296
691965 210898
386847 757935
620594 268626
504979 472331
911724 340019
309987 392105
112064 939520
760836 231375
379927 279616
576523 129903
951368 888652
198805 36353
357011 755597
25090 616799
270500 324540
427152 474523
47495 813998
232459 180147
82625 249495
652477 506406
589513 474521
410569 213635
414043 171406
445009 306027
963077 533589
435929 914446
422242 146791
950799 291310
902388 487946
908108 684945
812486 847317
159469 372038
661316 391928
552184 255999
153480 716718
274462 742993
191241 685030
956627 117341
368493 913693
423367 331571
447283 859295
758075 381582
518144 220933
672892 420533
708878 93059
105479 33423
452434 264948
405461 625807
168933 469702
881805 322412
698478 668325
577462 401776
865412 46148
519116 233907
959840 942482
77535 919180
313836 347667
812820 831979
568599 997769
764569 789535
602885 870048
822957 55320
647053 740475
681127 815985
210179 74991
650454 908656
743315 739974
310433 608729
786121 341606
354693 258021
284089 944283
689258 109982
291952 502079
941961 372608
499849 218589
162144 614792
88638 985101
670111 247748
725577 351239
575790 447813
426230 226246
868526 681602
966219 691016
802388 264399
32623 157082
522419 828767
613423 723735
938749 905374
225815 392769
790039 237722
611357 952183
852513 212053
449343 522625
459800 686977
385922 35592
134792 324209
773893 3319
517868 252171
694335 320258
516569 239015
477339 551046
67784 90763
274782 6534
508194 12654
911358 298235
250375 522716
762475 614945
246826 211819
649628 706626
898795 35551
254275 545644
871815 28169
61021 389684
280339 267413
709941 308965
506427 699338
860010 574210
302158 134793
92801 810352
147447 4160
620644 909877
38934 895176
524824 285759
106996 174453
504442 517848
722059 758716
63494 593875
298942 636570
495616 579280
903982 205559
888245 410410
416954 260314
496678 719111
395107 589478
41522 54611
105696 662165
964487 656685
557342 1370
454501 176395
175822 958943
694243 409938
229718 269794
3814 528660
906363 499430
619997 810346
217046 508243
732813 633999
768557 229492
353111 675721
331028 394633
730331 948779
568855 206877
605465 638255
208247 59967
326707 896124
530967 533007
306064 760685
802800 821933
801402 221222
833420 421400
543625 562523
441701 788496
196523 722315
17989 61692
910093 861072
968380 152483
809852 49294
359359 927374
199606 79663
499399 526313
487845 30367
59321 793908
303109 374179
127900 104512
107458 473378
37970 651083
35902 991726
439580 232425
714042 969624
806172 624136
830698 774553
776618 152609
335904 648034
592041 535510
727697 91441
61824 215543
633863 633200
521508 936972
7380 161465
553541 114838
634842 103568
277978 670744
95295 229615
415226 321394
199240 221399
457587 541995
508009 746262
206662 355970
394298 798702
891479 634052
402200 465360
361652 36064
610618 395217
485093 617997
556681 38636
244892 191525
654259 34927
374326 749554
264541 789551
583005 975837
523007 40594
517833 543073
786855 236552
899042 693210
35255 302581
327263 437454
279998 200972
985574 890615
596188 470668
20672 664927
509303 777619
368509 675620
812546 742834
425175 589144
44444 520237
564982 79508
560830 594873
134638 347687
831424 545737
552954 378737
848317 880217
328248 128317
593246 313823
530989 189436
784491 551660
854362 805851
329281 734928
481472 141828
477763 418704
730971 34264
938941 808011
113771 11830
402885 760464
871572 746366
306202 424528
125104 666577
304746 453352
306951 897991
279232 837939
599484 575780
389601 965903
381633 718881
700832 375162
372766 690652
305924 615794
724915 756922
423806 350743
768751 338748
111208 640325
85116 417410
64854 722275
83988 881655
687684 390938
291705 966916
740934 891189
542697 130536
369151 436387
361474 69985
323607 246297
272694 629530
862091 997609
386453 797954
348353 155205
648760 971617
307587 245933
901084 372440
968207 985071
254096 655893
888066 57859
134868 629001
949047 189622
271595 830255
626009 633068
412297 949615
879365 684991
91204 253515
682601 989712
563526 543011
144918 212287
26687 452505
458219 927770
337002 938484
912842 103156
594378 312967
161014 729245
941968 622118
918866 213564
452374 56934
358689 864671
518606 750111
549663 121867
515683 744321
111580 79211
799389 256498
803553 826076
221060 773830
753847 558061
712315 178749
173274 818750
491715 334287
60054 945740
956404 490977
671361 408780
59969 30052
785508 578574
780162 335172
700441 295847
591550 324078
887113 390940
580575 202725
217017 313692
976554 970864
383811 200928
149614 557084
19679 153386
891371 591788
99128 359834
82767 770488
768613 142735
800539 554122
233366 92761
401351 445864
900663 992900
769942 299835
383842 862574
502559 112916
688324 479115
83781 72136
192100 745450
141277 723835
898836 544705
315624 510021
904539 910446
280510 673153
565238 593107
739333 798604
197925 652741
756525 98589
645643 38526
398423 541542
901100 900981
654457 101483
892153 250296
173618 84255
507803 826950
808089 918696
371657 635770
428718 276197
546218 221286
461407 111457
814392 712797
422118 12318
365540 690701
622962 523240
729226 533442
64783 142385
434424 231297
243867 838635
993648 929540
434947 501453
756492 755093
420150 128150
390864 360926
404346 449139
582211 377810
72654 396604
90609 494771
920977 456148
697529 55998
979387 426757
589439 556227
81199 23864
299581 325066
374556 293231
254607 809502
306741 523156
564596 238948
651305 467518
599873 567708
916656 182085
945518 989309
90746 548184
996138 523780
4333 693668
579777 495777
632482 169217
564061 713681
705137 375699
550804 79694
668929 805410
401254 487727
840624 477907
726675 491930
945424 326549
571696 374140
20692 29273
363450 111437
577456 359589
147275 581788
565315 727051
589622 197798
896268 153684
911478 113464
41440 974339
193157 710369
291809 106468
710153 132434
584375 436829
136421 41858
275436 708116
415997 296127
737388 291505
919619 314845
163151 66895
408690 728465
306004 998311
926263 714329
664052 349800
827792 705492
324141 533006
927918 615949
639474 150130
260440 735906
586959 396860
777763 374452
104978 705818
670578 354423
997322 102256
669268 160474
681207 590015
400997 987210
100386 327261
213598 276495
189118 41391
494044 25316
574396 934019
153322 213871
84151 413761
461834 671109
322679 239599
45562 427656
457474 228197
294136 454797
842508 475461
127328 523716
65478 528324
22985 165863
367642 236582
954413 68818
790028 448459
94133 364426
382479 759511
90354 466629
685329 552188
649795 8009
303844 695356
947720 761317
435610 241858
728171 278120
717318 367556
313893 294853
895880 848934
972771 775579
597573 927186
844396 387603
375646 450587
264086 270182
210099 354439
736811 407485
418684 386607
415494 722527
594021 875271
995901 29632
629186 236131
307751 346506
603687 133702
153416 11626
982635 126189
787204 580209
53376 631602
967811 941077
82190 231898
211260 804344
98395 460128
211830 517078
846735 139381
751663 952813
14654 259623
982444 155897
495754 802253
502402 611498
935954 167876
623123 430648
294064 922384
10858 859495
553987 490727
312631 148234
234682 523890
952577 845132
496076 676465
874268 854868
815845 625932
807682 342556
885554 790127
498453 893365
104439 512912
16922 552450
680787 640044
983097 486908
562430 506013
346404 628474
996739 659034
776708 743478
694982 241344
100670 703115
917808 974937
557984 245713
600870 365667
588268 998481
667851 598778
403906 772290
623748 420827
324741 304536
572929 307840
303502 647416
325910 161963
275891 834706
333055 564656
578185 28038
806000 678854
243210 723809
653792 801193
969521 766719
166861 69849
277260 346769
668626 681165
119060 292375
101993 955857
108969 186979
775754 412470
834394 101665
86490 110287
936370 419544
187000 26614
959637 992999
217526 202848
716810 871317
4042 198390
150096 682958
268238 427355
29729 448922
108521 660844
253354 722569
616702 874378
909548 904513
798905 256001
6179 885395
366287 454606
304940 65345
481220 264579
58345 698745
467426 287212
82121 983524
485602 744272
666483 265897
171628 208269
226876 792204
869113 480230
514775 997872
354609 936380
902387 153516
192382 420623
38912 70727
387287 343851
136071 868506
120487 194415
79310 587913
993683 673486
571438 479286
417760 749978
257240 589387
470305 484116
381593 339419
964345 408425
849348 831011
344806 263794
984526 49245
196475 535495
119971 583761
391404 256041
964324 511890
962512 43635
99804 956196
717120 183299
947539 134881
445335 204780
724268 915639
200953 617918
767115 677355
26344 616464
508368 883205
392316 4953
932449 588790
52506 564478
684608 443909
820518 648933
955798 295089
692567 567660
763342 921744
263016 222940
568683 708350
939776 805008
623990 140730
422927 391106
818085 961326
519628 838510
844532 424001
843462 289040
524848 895967
853517 209457
851933 186095
858389 807733
993239 63015
887450 756583
496816 150467
979522 65500
858817 919299
870507 994864
572087 805491
385972 390173
766818 417657
228684 123409
841657 584203
412449 366506
992228 265967
575962 844162
964117 946408
163954 957358
521480 51405
713942 530353
713928 205523
595853 572746
636880 978417
567611 208968
783910 465640
111198 550729
883296 851937
186196 724954
436141 598644
603517 940426
376668 691536
296648 852843
637945 460601
810202 671482
24064 36203
201837 737991
241725 309747
310738 390662
800221 390406
599629 584132
368104 222884
646919 251401
74822 833114
488413 23021
943815 603987
963446 832540
295525 260095
685384 933469
232754 495587
117011 256817
43847 830903
506865 797628
652707 329660
188291 452929
720065 299978
37063 88170
522861 196039
851627 597683
541210 852097
620703 485026
456085 96208
829623 751609
356303 515009
197138 101114
522653 826204
869986 566500
657108 376852
364129 309816
706511 64477
274802 938633
364454 823920
26805 887315
19960 390489
484999 561169
754643 105703
558252 210729
201910 899933
474396 70270
926999 183591
683439 449653
9796 553426
528210 666903
930277 404396
488776 636789
468873 275635
575424 833326
99557 114286
720642 119516
16832 717698
192743 771474
335458 263052
494260 49426
675042 968655
119695 602042
152247 315192
563753 674098
868617 91964
853058 310954
8418 341835
459800 477290
617470 547281
822673 229084
661566 55375
860655 190455
773072 53399
473986 108532
828507 968246
157957 503550
448960 789707
617650 113265
616956 181404
787362 485575
785423 640422
308586 793840
494314 768385
783187 623841
315668 605862
852924 489291
173294 713581
191804 458423
279037 665789
566954 619601
634036 236968
123153 82998
538733 740802
708318 667746
434263 495681
665378 219687
648160 973963
13529 142476
742350 796715
278374 570075
914634 131300
59367 87929
356938 251170
546352 635974
429017 625363
255577 63054
374389 890785
658107 425179
143646 366426
92926 577908
374165 758304
797594 22326
244326 323180
676857 986675
631953 955231
68809 546588
598588 640232
146575 955525
403459 204984
103558 832475
342404 871190
895529 716792
274034 65695
654028 417679
944177 259012
507644 830399
529373 817296
364782 773698
140477 41641
272433 772429
508929 341241
831075 107518
981472 977649
575100 384933
182634 190715
217409 525037
61907 624995
753887 335940
202748 919972
265677 146926
178985 773320
489382 708357
102675 854163
482057 243152
407861 266547
527638 916789
607787 358714
536364 589261
848420 623521
486251 31055
814236 703659
68150 876142
840712 334094
724139 43461
254067 989815
702442 945108
275195 191825
165524 377869
45989 647580
133078 453850
426184 172774
882696 33973
531487 419062
135291 379909
42584 621541
923019 368877
837257 503226
245020 677970
837319 481217
233488 603444
471033 935929
548553 258285
639811 714076
148212 685800
873714 793345
651707 299899
966118 46462
845927 497607
977579 981217
389573 532221
602759 312593
901097 440018
327877 658175
630045 165197
139393 863533
280698 122483
799463 341308
380768 439276
55386 41037
637133 441157
834381 800897
253113 312559
847358 99042
322223 336997
80260 711795
869217 195077
536445 770315
635094 376379
428491 265140
541576 567883
128674 334331
690366 440195
675639 583191
391528 243082
136285 28662
684238 482723
341616 449408
795281 701031
548449 117505
38029 140767
341357 907245
335843 389860
677562 970936
766238 618110
748133 819871
185995 388865
154204 388418
829059 341900
483666 220588
584981 619950
761305 269220
102674 614978
718627 410013
316010 779134
39575 354039
919900 892988
261285 255744
