1 10
100 200
201 210
900 1000
1 999999
1 1
999999 999999
397763 519965
447589 156557
370564 603294
769773 796237
35888 816924
448323 374173
679382 242121
695098 575469
871662 309821
262488 579776
415741 283406
344139 56941
10771 241848
949460 334289
159454 770926
516010 428489
200223 265163
674034 329799
858807 812654
489944 892691
91554 74686
938990 464912
278673 442215
947470 43608
952187 31361
365092 396678
627474 262457
398510 824690
200955 299313
866567 992720
161390 985311
350219 61610
404967 910201
304442 758104
586878 511838
865489 534535
7900 806037
484814 739876
978601 572376
16531 255351
233869 68018
175193 734483
908862 854525
602863 140953
263593 241585
674031 263414
835492 799841
892896 653733
500376 530123
931840 605961
626344 611816
335456 903225
848995 413071
313230 519821
498166 568861
415800 482816
666803 966854
250440 30467
80611 494882
430437 178433
990065 769975
269640 740679
466791 644226
533545 261698
418253 296902
693670 136454
527912 54242
345899 837398
608730 1015
129399 133021
423345 287831
67915 156810
326615 166416
700902 929359
871809 606417
948103 631144
976585 42973
51500 125283
544896 499636
723075 494118
346051 688205
110319 106776
107405 545223
638328 280239
956680 492986
635509 569094
683058 815173
378620 259147
244679 955462
166275 322515
72569 829649
294057 627757
433924 962592
476118 110606
999576 923591
451309 295769
475032 351846
944957 7595
814791 338926
732142 718896
423247 624293
870929 991579
982963 272649
491991 217753
668271 605883
524754 112072
625355 76940
34244 788622
521240 67486
757408 360234
963703 999980
423942 478016
308359 978805
852179 222665
651432 357263
150355 262568
215220 514276
713015 405135
34058 388451
655757 683500
221468 435493
729255 666377
709718 165259
58669 112617
699737 355601
92868 279098
518405 441011
397900 930147
337260 761471
806675 95644
93023 377604
168590 673606
240093 777027
651121 873076
48177 886899
758059 366296
897145 976280
325043 229008
59293 391156
844059 610622
87291 982232
125022 340448
407180 808013
757150 167656
673093 48167
592319 16687
856062 996421
927525 413017
624909 218352
137449 937404
13761 132347
517024 953110
831061 131143
466185 15289
307584 798866
394661 342507
280530 126958
413351 641503
654003 244874
111482 567124
446894 192307
731899 734316
478196 293610
495999 436431
925929 952951
81706 895227
227442 45849
119419 92668
432090 818313
79516 647614
794174 279693
684161 803693
301908 292016
784890 675545
683203 589467
218878 267344
691620 269191
977801 524958
357522 483692
303266 707254
631542 58051
600414 194721
107739 504208
407657 694975
986583 310033
637245 765048
435129 257068
234117 125412
880085 107034
727698 186065
592164 194895
828138 606113
260482 466024
740427 814640
512074 933027
851189 126909
609112 365090
518992 26243
122679 112575
604218 239543
45814 244915
288480 644387
380080 91993
557224 227471
462984 88521
790025 447017
425888 100441
189851 160110
950982 690810
930948 300011
577194 538376
579263 172467
487187 443713
420778 564498
632157 687591
800091 147674
914181 171173
356375 286041
736197 221405
580993 809355
397316 661434
538394 864036
656990 364232
155985 267645
286475 300353
82262 781115
265892 456948
208037 363269
587596 801386
221304 548385
87878 149481
585308 687231
576368 47611
562196 994709
372408 36830
267270 994903
95612 920456
681119 793188
847528 462604
390697 418357
611983 653090
639555 200553
780616 604958
790126 974211
885960 414861
738403 657891
329738 516356
659179 76252
443076 268712
921067 133681
695082 741351
637838 578322
104772 598385
135954 566764
52517 721335
740002 131484
214254 4897
575215 908705
176071 623968
281473 760986
160746 358579
690869 436585
32482 48538
769047 642823
67693 193219
510605 759143
477402 352287
679694 141178
286162 722705
135502 684638
3486 268920
835419 193881
799204 384740
771996 653101
158065 859377
858597 569370
263800 969867
854426 411880
881446 82987
713613 31159
882999 288127
113834 620563
245598 960272
410234 311726
531150 940644
86331 778621
328595 317025
229518 425010
194923 161070
354167 210039
19967 53803
799831 270257
902364 57825
658575 779504
410269 922328
630096 275139
258973 642032
607386 106158
518132 539489
274160 465452
7084 415495
311878 853931
835495 287521
211816 163662
750241 135524
701225 578250
569879 714501
856905 19886
336037 402976
722869 588340
726325 576736
270467 634592
123792 570764
82762 583379
927399 259675
296073 396370
779939 852790
518886 157035
212630 849417
708816 869107
724511 577035
498424 976272
362898 893721
497141 159614
166848 18454
259218 762824
880803 341093
213438 535399
618713 654439
907644 298621
381485 787431
207288 294112
982733 13519
782436 948511
436670 192330
566208 838664
535207 69063
552372 658004
903800 435806
776990 594609
169687 135792
841724 255325
54742 773286
587980 145484
673226 925429
179022 798982
892572 851020
923476 3828
599524 851276
976553 821065
968095 86901
878423 110803
369245 939356
632397 111681
102766 269870
682730 27765
111285 284537
917869 662278
398748 92229
904026 840039
818709 353610
725699 265769
846827 265333
383120 162123
564228 470476
369341 34125
710167 342777
95888 330299
568130 43375
731413 398560
22588 27329
139547 179096
711493 203294
847358 632629
242724 336002
221237 372014
14605 90204
511226 275072
62897 785832
783617 287621
475238 718922
294153 730605
538531 767079
688840 517191
332730 739653
125051 487453
561351 174127
221656 174153
515472 405804
883431 817149
660349 942398
879497 390200
989925 325695
166708 273541
727076 638799
974107 670625
183013 866
516884 994378
803620 492144
14011 512604
256966 537345
786385 534145
878103 424049
947300 522582
300546 652558
439615 788753
484117 252344
199970 91706
747055 193895
672017 706387
124506 897010
562738 209340
476796 218514
150152 996137
751894 870116
137286 432194
227274 734442
54278 154616
370706 201247
429797 481390
944420 638675
764609 678915
247098 118290
371054 386060
243229 992424
878675 794853
447243 35258
788348 360725
705925 686263
508974 58795
133849 741236
451429 289246
586119 661154
305452 128204
762109 823730
608413 613024
891426 145062
796868 800261
954459 81868
349752 204580
24002 155128
20313 223765
503884 158446
619597 186443
81722 380043
16876 958994
46380 786288
936630 598391
707425 810798
237426 59815
453633 139779
719219 9242
238150 836243
252737 291307
255558 306374
538414 747033
918737 406763
620003 412830
26388 200504
62681 378012
557367 395308
749837 96194
823020 224457
390067 576373
271193 796276
385066 211860
57763 874249
275306 601898
643962 373575
298000 213478
145130 790338
423643 459297
575899 728245
740692 275994
983993 106657
627765 270887
806261 717847
887033 751229
728792 341582
501499 394524
708754 319799
121603 71165
690762 511390
360232 263999
666121 958351
958250 459976
251478 789534
162796 988434
944724 468138
958762 276803
243571 522768
193429 440681
134351 151719
593847 3876
891087 622962
71817 906645
520720 123229
959630 858093
934140 582137
720111 693543
434077 329816
614503 583046
967544 428125
628462 265187
517198 872384
265159 418997
179095 484494
313933 763907
163584 21402
380657 978812
892815 364676
313530 532388
524275 397544
922748 637775
917920 833140
225830 597650
586241 303340
644800 739120
61086 553630
56397 891435
884412 11659
270634 467369
376796 796931
113939 212850
419746 365068
943023 509285
658935 442932
370058 912626
859263 7807
120029 956716
241980 880390
128849 616972
191072 321274
685581 632954
474231 943778
32790 273504
875631 381823
635573 107002
166041 495929
393787 976084
527600 10617
13914 917156
804420 46548
701910 922244
518807 172197
559074 79472
864823 475337
103763 347846
670403 457998
929863 140405
239505 727177
838965 296792
575963 251505
901288 521763
158659 470743
28025 46889
437444 313343
426362 903961
907799 571859
734811 267840
73852 660608
646491 457764
319767 113716
334130 676685
835862 224340
579719 108885
284571 227413
500406 913738
520210 257748
581283 70910
490611 930086
22114 129230
873112 48408
560887 928073
627053 645251
839540 481262
1105 958610
833273 91956
489475 176929
285330 493200
183651 223896
644612 626156
925412 827429
463559 502541
493063 131007
496616 31813
723229 951311
306538 130
840328 586402
412251 837140
634916 116307
936991 990836
156377 655042
693836 701226
66433 535880
515639 255133
463891 682824
173848 318445
45658 936441
341939 699159
164363 824933
955670 535124
683161 700122
604006 148836
905229 332250
831949 323646
966779 859413
285304 594136
962871 920724
958149 12976
482808 542017
394758 147492
313523 974511
947706 939306
438219 790516
11303 876671
731410 125019
726317 500324
867741 975343
256202 736946
242050 813916
570006 878122
728978 34040
517115 854081
532844 300395
691060 247889
826287 371653
822788 377841
129004 477370
300740 133781
761317 453012
688176 650939
349550 237013
600464 988881
959999 865815
956779 16587
385249 44900
675934 902489
273573 736205
192901 98485
328347 139789
265609 74999
841995 906476
142485 569205
520329 472374
229166 86785
647033 102330
464250 302689
519569 818152
495485 557459
723767 72380
18877 803309
877830 354191
231791 301807
692756 982213
516754 574106
543303 193501
746134 312877
122323 276399
46909 410045
904693 193103
197648 911008
90867 558376
450770 229864
987662 14088
19925 57671
205146 587364
414741 948023
140139 984089
431600 965613
62557 797104
516735 922425
587154 699426
808139 549726
777518 54887
384418 879160
68409 18897
670050 708742
696611 353725
420196 905575
101016 935305
582234 115431
808607 510008
957543 786727
943657 136671
754602 544886
736479 541695
365385 73781
855807 887102
879607 314771
783523 843915
568455 103412
480896 254378
292350 322980
450614 435194
488252 550163
949313 616097
770219 634829
72412 915714
801032 777435
39548 700446
472070 619149
605848 927042
531531 116120
552176 111095
110925 362744
270679 791220
457937 38753
382102 547878
690332 650253
406972 27263
14536 865349
558779 795236
763337 334131
486153 913834
976492 652435
617343 694257
395212 885205
951079 657450
599043 525830
261864 507889
247067 249431
626194 675420
451844 388747
619939 257776
35733 461683
634147 223246
490259 133617
563737 499462
403924 727669
564091 259383
211495 553452
754538 598038
878437 909519
797193 121607
185485 731718
304457 821808
816468 600025
252281 7001
372933 791011
680820 698838
536224 288041
95418 871814
300426 289007
396814 85596
496717 426956
677161 336723
942704 644838
19610 153064
439897 824478
335839 356938
668965 82943
562518 40281
706758 957387
823636 718822
848025 551478
82610 926917
326486 566562
784430 452135
387194 331317
295404 242202
64341 145555
148202 393478
410904 858206
201 543142
493776 729093
487205 808323
316200 384695
361265 94961
577955 918
78920 341594
861348 960371
53288 768648
592176 772272
588558 312467
607055 457497
776549 511957
379372 892036
207924 486457
139543 397907
628113 928361
945235 726886
971324 782690
680147 807381
130269 723420
310652 85125
731741 496173
897515 956904
962432 659852
145863 342597
786570 60107
674326 351122
299532 152321
569522 739003
352349 890483
779582 820836
912812 402929
786187 685124
671264 862457
765569 310752
194684 842591
681600 244867
146808 117945
249041 329732
98309 61213
126674 278069
976879 964653
650555 680119
764883 480883
743912 583666
212124 886303
76357 480015
696885 57816
348160 95618
464945 437496
121776 189053
463505 368605
173376 390873
853857 372470
104668 485270
941025 534761
235498 518769
143212 740796
65099 469118
56206 781151
727854 160578
347080 27843
3197 985395
172519 125084
59546 673761
435438 713262
808379 136820
162686 961564
983149 388146
221438 255996
538992 581900
586463 664508
952009 335627
886351 798039
459505 654782
949934 428058
161350 627367
720151 292105
75678 696782
226844 979288
458147 588932
541812 358222
560288 26602
900422 986176
297303 875098
876053 745348
147026 705908
533418 424577
370822 512632
107079 359743
706044 781357
145030 214296
594319 46012
587616 470137
829306 676863
998927 747338
793410 417326
336834 759206
963515 984102
470603 523085
671471 930809
388428 330726
480357 145341
270091 240135
779481 170056
230947 790164
471318 755809
453769 827630
853578 789625
399704 911483
569158 344708
843610 658510
965824 288641
489975 338729
938760 347920
358159 202025
775493 190108
645419 857883
574127 892021
607278 700728
488220 622702
361553 280599
720909 655953
222280 104016
409239 684411
928727 656985
50711 385083
572087 980640
141318 673984
607376 612005
151588 383340
94134 47895
731850 131756
367384 353147
914260 457163
648797 527650
841415 472638
449503 262569
672141 925716
829239 813907
208311 11388
320339 944954
687457 706468
742721 95901
366428 60941
718254 146828
126348 177315
166018 48955
885389 423412
964057 466879
137625 872654
55618 267825
15346 686697
605564 277450
152867 339936
400232 864747
124875 788566
699875 834727
490169 32348
711923 107777
296618 992427
726606 976687
169755 522106
52885 118428
203649 535774
832469 48768
876513 515947
366887 541298
692246 861698
34166 772058
195067 494539
935565 386157
105619 76099
516477 27273
624275 46051
476776 52458
236153 300476
553998 404797
139471 793047
538353 64028
593077 447605
646226 683317
298290 463666
678008 965457
800459 424188
973948 644250
399458 102924
410746 322637
47 107166
417015 277480
244612 807958
564824 70098
631154 524482
1 1
1 999999
999999 999999
752494 713287
160131 369730
358010 978561
784857 970723
481527 859000
75184 564369
49983 932442
923594 193128
216157 586346
125380 21370
501791 356576
346912 925154
25288 729069
261632 263796
6176 449112
152286 668641
316939 784062
325621 929633
43442 728047
464639 454707
940234 537472
462432 30231
600807 202811
277611 408635
394822 602956
45613 84619
843985 430106
782598 620777
323847 184671
512476 951836
966906 353335
217827 997211
668453 371058
715521 454393
146874 117483
132886 469264
922610 440039
223205 28977
388025 397247
345831 527813
524871 263903
665994 710614

