887 384
916 778
336 794
493 387
422 650
28 363
60 691
927 764
427 541
737 173
369 212
430 568
531 783
124 863
136 68
803 930
59 23
168 70
457 394
43 12
374 230
920 422
538 785
325 199
371 316
527 414
981 92
874 957
171 863
282 997
926 306
328 85
506 337
730 847
858 314
896 125
546 583
368 815
365 435
751 44
809 88
179 277
585 789
652 404
400 755
61 933
369 677
13 740
587 227
540 95
571 796
379 435
602 468
903 98
493 318
757 653
281 302
442 287
690 866
620 445
730 441
118 32
772 98
676 482
928 710
857 568
354 498
966 587
684 307
625 220
872 529
830 733
20 504
369 271
716 709
150 341
724 797
246 619
452 847
556 922
489 380
229 765
351 842
501 194
765 35
915 125
857 988
492 744
366 228
937 860
552 433
229 438
408 276
122 475
396 859
238 30
794 236
429 819
12 144
530 929
405 777
764 444
539 614
841 607
819 905
689 129
918 370
997 918
744 325
184 471
500 491
726 773
591 645
140 506
787 955
83 670
465 543
508 198
805 356
612 349
829 623
344 300
569 747
423 341
811 312
802 606
731 662
306 879
737 321
627 445
466 523
417 709
259 283
638 925
625 63
37 601
900 453
551 380
72 469
132 974
931 882
895 934
164 661
982 200
997 900
774 960
669 814
96 191
467 927
341 85
685 91
543 377
108 937
757 446
419 180
413 888
173 349
10 660
211 337
588 343
302 207
373 714
256 322
600 820
905 722
812 940
668 941
229 706
151 128
659 985
225 921
270 423
82 397
85 631
973 293
851 673
386 626
300 223
43 641
714 899
191 299
591 525
582 210
337 820
156 733
5 995
770 380
777 274
256 851
143 861
885 580
206 994
568 622
614 505
755 962
260 327
203 945
507 203
22 785
869 843
190 529
909 873
499 959
809 37
249 754
334 304
649 134
755 891
747 568
530 369
47 501
798 789
991 250
34 304
498 364
893 254
126 687
997 153
189 976
730 158
461 437
922 415
305 461
28 29
749 51
903 557
698 795
44 700
3 40
404 429
682 501
539 648
152 160
135 536
693 340
128 216
630 505
965 50
430 286
336 344
901 178
972 239
290 950
989 368
796 293
145 744
391 830
341 683
570 542
233 827
43 262
118 361
762 24
310 82
426 191
368 997
235 678
627 691
58 525
169 615
359 206
387 313
347 101
995 727
553 917
530 579
291 947
971 648
81 52
594 632
628 858
887 313
356 215
91 513
480 413
970 611
275 190
642 356
434 621
889 988
567 339
285 771
418 857
261 607
238 850
60 206
519 218
784 946
459 874
638 874
484 290
479 608
315 758
730 472
460 101
439 619
389 26
234 75
682 158
359 494
700 271
840 418
364 570
795 623
848 174
463 432
391 683
792 293
116 58
158 522
492 575
952 948
22 232
741 538
31 55
326 99
517 82
3 517
140 232
405 797
581 339
22 219
863 971
380 813
686 978
905 537
484 177
760 208
745 858
912 500
951 128
561 237
106 819
50 564
712 245
935 806
376 292
615 956
769 590
919 994
883 806
983 823
31 718
575 94
594 127
254 487
75 544
714 815
378 180
776 763
920 89
733 711
18 295
236 347
692 138
944 154
329 574
292 926
19 711
837 218
56 964
859 91
905 131
662 572
686 634
74 790
852 605
251 806
504 869
7 486
640 196
121 950
227 968
678 764
982 597
561 866
956 37
519 771
343 212
197 533
322 380
985 271
428 173
41 235
73 284
831 399
348 64
31 951
715 574
523 60
925 48
436 83
205 233
444 955
487 899
279 641
263 160
684 263
849 42
325 724
123 273
336 155
458 822
748 366
777 172
219 270
704 702
934 654
960 908
807 729
721 798
309 85
699 335
377 992
716 899
172 53
560 190
11 507
225 17
540 110
379 1
54 110
115 82
990 339
68 427
224 148
232 788
123 533
876 282
180 851
255 591
132 351
858 814
182 495
604 82
434 721
182 983
416 488
826 297
723 405
552 893
33 298
182 135
416 507
709 58
1000 596
298 963
777 484
978 155
588 310
383 933
267 22
861 564
212 683
87 686
931 286
584 991
477 315
821 117
526 893
840 529
491 526
361 137
644 619
929 338
622 583
956 311
226 889
571 816
854 438
723 9
351 784
98 658
127 828
72 270
150 652
529 911
399 640
611 889
578 394
977 891
553 200
88 932
100 778
567 658
18 953
736 642
299 369
196 185
806 777
429 267
529 955
594 309
198 279
673 556
446 775
326 1
284 998
128 413
422 383
335 694
335 440
160 422
958 986
762 355
973 763
717 542
851 853
483 663
218 400
174 155
507 16
365 852
264 791
173 492
538 38
829 860
281 872
857 988
342 591
353 971
512 666
518 70
84 362
113 352
507 301
668 639
490 365
155 33
876 105
142 680
539 413
637 970
957 171
761 845
815 650
315 466
887 327
40 184
536 970
622 153
791 394
110 290
674 632
736 265
296 549
314 878
199 834
356 950
794 156
157 469
934 961
287 824
359 172
141 678
182 246
991 762
51 324
955 101
365 76
625 43
920 660
845 290
239 470
977 552
20 384
344 134
957 305
476 982
12 667
913 968
730 193
869 903
3 132
208 175
217 719
378 184
473 488
958 574
126 63
798 934
419 497
154 142
475 727
394 981
949 486
31 306
560 30
161 899
425 563
281 720
903 642
481 11
584 727
141 790
724 709
558 939
432 494
221 711
691 906
392 614
271 639
668 422
672 830
744 181
900 96
89 25
387 155
233 570
711 970
31 374
664 434
280 588
650 95
352 500
465 340
331 743
516 87
916 350
882 187
635 12
388 134
288 723
644 774
743 520
245 355
140 125
64 260
354 419
270 713
405 706
800 734
820 735
436 316
854 88
451 670
803 488
563 838
611 90
961 206
912 705
830 558
817 404
822 893
606 523
580 444
529 362
448 379
46 701
788 883
552 900
387 590
427 354
795 949
507 37
93 108
665 418
821 922
167 481
355 995
438 124
485 934
313 318
18 932
166 710
609 157
746 70
423 996
296 172
560 570
677 802
572 653
926 341
173 744
90 92
567 528
813 879
197 51
334 125
187 214
371 500
569 795
142 116
640 343
264 438
591 199
203 940
632 514
258 129
572 805
684 347
226 139
541 496
973 422
635 227
726 159
953 357
473 646
340 447
884 112
662 604
543 826
340 217
345 175
331 597
295 268
758 14
861 520
293 651
877 833
991 280
636 954
599 296
742 108
571 938
541 977
802 585
801 84
610 493
441 497
764 940
305 736
607 874
524 165
350 252
531 752
705 340
987 166
626 303
592 80
408 548
132 485
920 562
54 932
428 529
820 495
582 544
769 124
640 188
439 644
395 989
681 321
487 99
753 19
99 464
11 696
180 506
67 143
426 99
979 473
967 854
749 798
273 548
87 517
160 913
901 878
198 554
4 933
952 36
499 108
155 50
907 862
4 335
785 326
798 429
634 764
561 116
15 382
898 186
98 101
330 409
314 350
635 880
915 317
776 586
987 766
627 931
617 893
570 630
410 753
516 367
834 396
777 429
614 848
301 27
787 63
764 630
509 101
417 398
983 776
541 545
827 321
566 519
500 795
547 135
854 909
304 63
843 687
535 433
811 808
870 835
816 597
697 985
383 325
452 466
362 717
38 344
862 188
982 603
89 361
621 880
294 942
629 925
709 136
943 163
997 871
467 164
501 812
488 516
333 235
951 291
634 694
881 340
294 495
855 214
445 383
324 476
752 739
874 952
466 812
682 169
684 814
978 500
15 536
770 465
108 347
392 73
412 741
588 624
837 58
440 794
621 282
372 115
419 372
535 597
765 884
698 568
68 801
336 675
491 434
133 458
530 950
691 524
148 293
350 630
423 336
969 141
256 44
767 340
937 26
261 654
221 53
205 958
984 288
722 541
998 827
128 206
729 879
171 170
799 228
564 521
661 222
617 884
224 268
293 383
36 512
564 554
863 609
896 769
661 199
377 969
174 10
888 504
674 255
482 58
930 824
45 397
281 943
210 13
748 856
367 855
760 135
743 282
402 974
172 639
959 414
423 900
756 485
91 662
72 781
604 924
321 1
943 1
13 953
808 505
359 760
895 526
159 118
91 637
627 561
974 615
866 938
422 749
410 621
401 864
787 833
834 5
357 459
411 128
632 369
129 570
447 342
459 375
11 606
166 902
868 990
927 491
239 733
706 700
563 1
833 458
462 349
808 18
498 170
539 570
140 129
471 19
393 586
543 281
534 755
744 708
551 401
486 22
721 789
141 191
648 635
984 326
695 462
631 143
64 192
321 521
539 555
493 143
423 931
686 35
95 309
709 781
803 645
785 546
88 523
158 926
603 736
549 493
987 297
841 531
52 50
957 513
655 590
873 449
483 429
89 558
338 577
221 798
695 140
15 6
283 783
870 524
16 237
885 418
300 354
755 725
237 351
293 711
159 243
24 165
722 642
570 112
261 411
903 791
148 956
90 917
440 782
18 959
376 807
512 902
979 675
378 266
977 567
162 670
834 135
