1 10
100 200
201 210
900 1000
1000 900
900000 1000000
37564 284875
780501 364443
922514 802128
495437 820148
446765 528422
830187 540784
778954 523198
696839 881397
16281 693383
958775 846522
517110 123304
94076 995898
62326 17356
842895 644643
776247 881797
123634 404694
484999 514420
952932 884782
593536 219500
710920 543002
622110 420279
855912 269030
258766 502400
111622 262313
156539 289074
225216 168032
732348 22401
625930 234445
909138 105152
701693 463179
83644 143431
955155 338321
599244 23069
669 740669
656651 851160
220276 80249
904799 599109
909405 513212
920073 194636
911938 348502
404125 627598
69528 395168
208811 358105
291443 52962
231390 945301
688963 406894
813906 351301
12261 450617
527782 817175
577907 834092
127953 556484
981594 207690
20433 766766
153358 317916
803045 620513
731517 499190
311117 964527
306758 101649
128238 430231
819237 696649
706768 537337
279251 609708
83611 159445
25997 444840
673820 412512
939112 784768
777920 625776
374155 178256
248437 559574
105861 858788
226892 445675
231970 378125
984636 743073
815604 483713
679190 725871
25629 120747
272344 149734
672127 397638
947074 279537
328042 717933
107423 503217
678277 52221
448794 605462
343939 500328
645692 529767
192156 877109
919751 118501
60798 44397
122976 888033
902669 107182
999438 369585
585142 393858
973212 926349
968946 348368
151221 243584
433722 76342
226648 880736
718179 307841
621968 373288
799136 966060
520164 376938
546398 364360
398561 257798
59400 293263
301740 349740
916719 904537
368340 823600
51007 351268
61120 742871
599603 600819
140480 416619
875010 701838
668678 602769
549640 56966
235363 463512
255651 929698
154538 429484
63412 496795
598956 290499
721080 246964
509972 897998
112944 421986
649229 838005
125679 498262
343102 313266
999291 414722
311657 259398
283540 367335
470951 412218
720780 510944
750819 642099
732611 835899
779855 376048
700450 820011
755139 339356
899052 195543
936288 166040
767212 316536
981794 650942
181337 163450
780111 546219
535261 980182
518824 841092
723614 902714
482295 406127
576279 709204
471469 731921
897875 998053
799140 246971
28950 683517
529769 360636
764455 687672
5012 944460
540327 103059
724462 438808
30396 902082
335651 151584
683576 477255
828200 601988
275206 910640
24063 954632
246631 891333
109129 687945
463542 626603
261036 645730
36291 925307
393845 531817
14354 871466
662307 725171
92290 151370
646780 16445
946015 149373
74413 496824
455874 385515
523032 366180
866974 732383
801260 869904
887408 119139
601675 922437
831457 107364
583437 230388
177556 806428
256584 889283
329750 85304
912306 495341
946555 933289
371802 787336
932602 123821
510904 713461
76120 43624
358481 604264
359266 663640
63682 825097
168510 148724
180432 880149
988719 529846
527123 445036
677284 195551
345310 216018
83589 698656
603250 781342
604285 519717
68466 943804
246325 980525
208083 53520
907368 458906
66501 946037
877127 420354
17046 23288
13428 552554
687550 863521
653190 465572
419389 501242
81234 3542
335332 179303
298769 202893
463615 942696
908613 327704
393982 917204
165617 214512
625990 495973
628517 366911
110726 943189
393310 854533
484122 116428
588501 91530
143393 107871
669004 996398
627680 609493
58135 868031
729827 718412
856149 552116
388249 716018
658897 117520
686212 78116
11687 314051
220384 603183
661071 540991
691350 81999
561279 920073
815868 374284
542173 337059
563916 106595
652070 992837
283224 460644
451452 87982
489726 682303
952551 753971
974501 8963
474982 239725
406053 686549
419025 663974
791370 627356
845893 351867
12 46032
798221 888578
52559 103385
494251 543122
28054 186358
885586 642372
254664 957359
581137 808268
913596 717320
808778 710472
308359 944172
911452 132240
829821 92125
855911 699000
82037 866977
369965 577201
724675 228831
618054 815176
334926 315970
775161 768346
995099 332292
465541 227787
371692 195559
795393 454232
767519 404882
627613 308822
577 153215
821892 67414
991631 184284
394922 307053
627087 273264
943148 461166
804513 496615
214429 254347
565282 648927
415212 248074
872088 263191
696227 155476
898680 695867
272427 416269
664980 649183
801831 762228
472812 320537
973144 149101
875786 92474
733442 482582
851470 306606
224935 24017
434791 200976
293744 225736
318661 532744
383844 16434
831181 756706
735746 233772
258313 885052
72208 984385
696747 314882
372204 200729
493757 977405
909566 559723
859151 136346
464166 229880
419017 43014
501212 621657
321751 441569
158151 429977
3946 610454
78897 778411
877047 224540
491515 201261
5224 827476
438228 532776
310754 114806
735513 512011
965268 545853
67289 57345
403543 25955
595612 716409
831070 530563
611016 755215
187489 578812
38562 714513
275004 406576
65859 31919
164247 537644
765779 505108
49626 206539
349259 954393
441983 747638
602554 432228
958506 632624
138476 722745
998111 311946
322626 676116
275119 395838
123292 130609
524846 996578
677654 789416
691818 246065
67129 439865
564613 101411
651112 329374
130941 556123
321108 345515
892350 285615
206141 886825
62 573119
685577 956481
351720 85759
46891 62754
723430 700381
763649 968120
602282 114893
162886 193206
631621 423256
201275 452227
484637 180873
175933 873334
541439 742040
458377 940319
960584 812225
759123 581354
608093 225341
5590 725966
835331 929818
647435 953204
281683 47133
91123 561962
718767 652630
9495 508675
450029 620805
472289 178119
932847 475895
200006 879804
99868 693474
756222 295449
322113 309901
162383 842298
78455 13842
244317 62533
174388 117727
1137 700794
787601 936883
424927 89853
708657 140205
493514 828703
892171 578643
508847 507864
837195 946372
559952 413455
375083 384428
652107 724586
158944 797715
962853 707891
520835 223663
760622 808510
391195 64469
753237 338619
659583 374710
21218 672583
696580 682270
234774 472080
753824 12913
553567 485062
612437 887421
464756 889136
159688 65169
827566 983022
539549 719074
561516 268936
144884 544287
740690 614290
997306 26598
337843 232863
995340 726430
499846 683584
102322 970413
29914 949328
792548 784920
702264 928662
977519 254581
141277 350195
193658 743675
259959 202227
48743 579418
671418 259626
796351 863577
62284 185396
435904 52433
248439 986118
920525 825044
521118 308506
895701 545849
935387 178519
888813 320075
393212 305034
22955 239004
729751 996799
137979 917076
524228 74418
667573 833912
25672 898368
743214 311728
409001 779558
774180 182259
558392 590704
187366 327176
712553 354779
101460 312115
600470 951095
457138 276839
146398 850034
528214 92652
429302 964251
798281 553106
344658 287134
903195 25142
335470 978596
711813 555206
634533 953781
645725 898516
691460 831990
23298 319525
845641 311191
554142 297770
850271 647691
107219 465671
552782 941080
529100 203494
893450 351316
598466 321542
396634 207801
168762 170810
498088 209599
172984 340697
376923 561412
442905 825998
442301 941714
229600 175310
262600 657452
902977 669086
518736 203953
555064 17973
513556 719220
135136 420698
875618 498536
304344 75651
358397 818308
413301 401433
54894 807337
878192 289053
922823 999214
759245 682047
246981 501304
530022 660709
553134 423770
866763 992744
531657 326360
784126 805030
729396 961200
596949 629830
124639 516554
997265 583637
212802 899573
1603 848032
899358 335261
645662 939234
321752 704437
81817 476750
703478 595198
169423 291313
481191 415
738752 748531
239683 958042
456437 106965
439728 201538
623647 578044
530267 64432
297755 510087
799080 466113
844098 779832
235057 795136
396512 42257
750355 901886
733616 963131
342195 214163
762401 938565
161721 197295
141526 92036
1321 994603
573736 531675
411979 104594
950210 949285
518680 377974
839141 647413
614590 450619
776743 991956
783683 967860
440889 105139
126658 600991
65946 337350
646464 908618
391926 686206
487433 553525
31886 867339
15952 249940
388609 183782
180840 86637
154864 689476
697991 548043
991194 397298
866580 638520
190906 443121
243054 4283
14098 184840
974327 842878
900805 188895
323058 691951
957972 936725
805553 896994
955735 869716
406831 672060
565613 83574
537518 187919
726471 581720
753756 48883
833752 502145
773945 852560
913242 143332
995118 266028
62735 932216
536928 197442
223263 700781
822691 193842
776152 767799
844585 153939
552956 358326
554101 808909
592418 835957
269000 194743
381907 71491
594481 516440
380360 26517
118984 387362
335584 291578
63963 416314
280824 885957
142183 510413
123850 99742
110537 63582
426352 538740
891062 408514
312299 818910
677798 524184
440934 549392
147306 11535
633448 341832
747128 776680
51900 588587
49157 694002
794818 663526
323824 760772
395945 16533
816225 900428
990932 356427
686726 623394
851357 746941
216311 212359
576260 976488
670859 963155
478445 4847
168751 282911
606151 638548
2627 123913
400223 841579
128844 314579
202774 249220
957092 838269
705369 520144
147862 6103
953102 135597
856862 771754
705493 134321
753204 144175
795968 58049
182129 768489
628741 74740
43198 265753
105237 845404
311381 849109
81784 205219
641103 66784
926102 140772
162320 261726
862191 862662
402831 483102
571556 996318
252524 136708
953251 43771
22925 619288
36068 305253
949370 546067
783255 391881
933321 951275
933475 309318
928771 18222
81273 847173
139427 478473
916156 670059
112231 808938
911461 73574
888053 751205
782481 842159
601776 479196
717928 25597
311716 949222
729597 737119
382271 580804
462190 268423
443857 437092
458564 915556
810672 500509
185248 914500
249503 472233
88882 796419
161729 763397
576320 289934
565899 991383
89433 621385
749676 346371
380253 693968
97645 651272
682875 162727
395450 802473
725655 864804
860870 549296
430514 412931
258953 246848
705769 15089
720967 299956
954694 744348
305901 505110
794129 550302
918439 392864
5724 277154
928782 974918
927024 833359
727360 8070
330384 443910
491467 1522
334798 608694
641004 714520
49033 988994
816988 818062
454029 949113
729166 727408
498361 891188
888030 351419
502606 838691
61706 650206
746802 947708
279662 444378
549739 754998
342844 877157
239650 7949
93830 294892
162939 863937
150743 82015
280906 95232
415163 163238
963990 690468
426912 468800
308888 904833
557602 647825
675955 378515
109951 710367
172635 416577
621398 80463
493229 903313
58178 750556
866127 610269
130002 841846
856700 849500
655670 895713
427379 522261
766385 648045
966012 618221
746242 871355
959400 131416
478310 108803
611000 176531
789899 769772
980093 812765
472098 108382
154293 712372
386294 64336
558082 347136
864411 809778
747140 808418
559721 116302
941542 725024
11590 333059
110487 998055
450176 849884
637024 233005
786066 408625
463320 816785
305014 521391
145332 560951
319401 556156
430325 712332
915738 758190
811474 918348
981456 590043
10891 426736
894446 293296
495714 397986
615248 502080
941474 713713
434472 71352
22772 75305
297009 22182
33378 504559
449748 651800
616178 581683
140988 407941
317955 885884
237423 84999
774837 139935
918514 263773
81282 502458
58266 687104
298821 300325
510874 440450
120329 248446
279387 389451
421423 865345
465508 315801
802658 360316
973803 588257
254504 741571
175084 7351
761675 274700
121388 670406
4167 706853
448951 317696
309482 864490
805731 641102
663783 331134
496534 463381
899340 916455
51435 529166
141409 539179
592176 888067
219793 963642
196391 495771
28622 553487
940972 710771
752475 835873
943559 822384
467801 205675
515126 609959
875624 541588
486776 203699
824894 854611
880354 194267
845356 344339
355140 21351
124693 399578
281871 160644
236704 147196
870488 524174
455655 126757
509498 790686
676475 548367
362503 90808
801300 377295
311403 585947
949947 181299
535983 415
5207 275257
376026 93009
813426 202539
634802 387295
826655 3727
151713 219094
94725 40652
297093 305187
293931 367354
23579 588994
913559 769463
246186 77025
812334 629614
617154 744103
103918 718910
211833 355942
733916 863070
248319 234334
170427 186783
726245 573294
345975 300920
789081 903697
360743 364646
689486 699494
485356 428101
468710 920331
686005 841200
848734 493423
235564 800242
379771 351752
971374 296392
585969 666222
413738 828743
708582 336116
268697 249535
658584 635223
804514 20256
959630 150274
213328 974721
787486 793812
347803 408857
693474 725389
157121 946822
237189 473004
737521 169190
547673 410914
159650 431347
782451 20516
138297 648854
560258 37697
169672 81433
705977 673103
977198 308332
65293 581004
978864 655271
721709 147959
17494 306721
680047 974237
779875 217226
968263 128951
171496 721566
153309 874131
410714 435948
467016 73468
759507 641068
94384 428202
617512 842740
689383 15671
171901 616941
852292 345244
917684 163488
127825 291928
141379 216219
64709 819642
895531 87405
15104 364201
82417 660271
646175 110285
12299 85891
586332 167183
204953 789325
235108 824869
262741 144790
528325 654956
359327 840766
369145 210356
260204 523308
510817 472954
819524 779507
908349 387
582279 902891
944047 931014
461734 168694
475813 620417
459034 539338
357259 703295
45275 819042
935189 801359
135873 281429
42640 930842
552892 705075
174671 902517
493052 569353
859238 652584
797490 886562
716974 494595
753869 776205
341375 740544
752303 423407
924824 3550
363580 505858
506108 765036
311551 522304
821509 466083
371053 710463
4245 465644
438610 403418
796004 697548
895204 740879
509467 753752
908718 625376
712217 423045
508244 693301
490073 422407
103264 856859
191873 172505
617762 665381
757894 989305
562681 333063
90578 990522
179680 785103
438888 348675
254972 485319
436594 261729
324115 125721
259972 157844
766910 482157
351845 202497
726172 870009
296593 134255
874931 670075
724699 819728
803699 337133
575597 688743
202767 152327
654046 387543
74048 735410
177910 570818
922833 993975
934220 742624
251854 754238
735562 451770
708414 791516
100266 949007
919878 358481
467605 621345
393668 595348
803121 133104
854941 398591
149423 223799
48496 423364
534208 539723
340975 899740
659999 709095
425290 853950
968994 109895
