2059 6030
2217 874
9773 6871
4926 9706
1012 6808
9847 8705
2498 8460
9689 5363
3281 4135
2298 7749
4707 8006
3271 8591
341 1653
5940 2144
2909 7495
7599 7320
2658 7989
9822 3399
954 7958
9734 2559
190 1063
9325 1384
8746 7704
4871 80
7185 67
9549 8284
7374 7289
1453 5792
2933 2555
5994 8263
1783 1602
9763 8160
52 6971
5682 8597
1419 4947
2939 3001
8525 3450
1860 333
3152 2903
8883 9295
9695 8344
6802 7535
2399 9844
4352 9663
6428 2592
1586 3735
5170 4682
5815 9154
6727 7061
3129 777
7317 2369
5038 8202
4774 3446
5854 2053
3816 749
2080 9202
624 443
573 8466
2618 6763
9414 1120
8718 3047
1616 36
3743 1699
7997 2084
7342 710
5415 2599
7963 5829
5526 2776
9195 2958
7169 8131
9029 1262
6785 8367
758 1631
8368 9256
7316 6274
353 2903
4880 1093
1001 8289
2164 6929
9386 1913
8220 1298
945 1779
6930 6068
6805 6198
2177 3606
3600 2572
7403 6078
1419 7769
6566 1817
401 3590
9217 1261
4693 7481
2452 7389
5712 5107
69 6103
1938 6021
23 7534
4090 5760
6749 4512
6081 7656
2317 8531
4048 7891
591 6192
6850 5684
1700 9020
5091 9823
6004 9183
5464 6248
3312 323
6121 1885
6694 9051
3209 1068
8130 701
3542 1842
6353 1198
8796 7698
2257 6088
3380 3950
677 426
1769 6516
3477 9436
6539 5576
8193 5278
1836 7130
8806 2924
8840 2084
8121 2896
5714 8371
9729 8340
842 687
8481 5938
5450 1896
3043 7386
3872 3791
1920 7935
7717 5406
8859 254
3212 9317
6942 1676
6630 5362
2555 9931
1330 2092
9109 3049
371 428
504 8070
3609 5145
1586 911
6321 1310
821 5580
5864 6682
8933 1314
5707 5844
6363 1637
6714 7369
6444 1694
1946 7140
36 3077
3242 7368
9420 9356
814 5149
8971 4071
5431 5429
8056 8395
7795 2265
8413 5362
4176 9237
279 232
4380 7660
5578 3350
8121 745
2625 7337
8012 7396
7716 173
8772 5694
1906 3547
6391 2985
4061 8428
9512 294
2470 7209
2965 3740
173 3393
6445 4418
8378 1062
2479 7065
842 4196
2637 3625
5345 3727
2736 1382
734 7816
6437 287
3340 4683
1316 8116
228 3240
9793 7393
7936 4172
9243 9611
9835 6092
9922 2405
1188 686
1079 719
6193 691
9931 9900
799 7701
6489 255
1080 5193
111 4626
638 5904
7207 1730
8627 8416
2309 6938
9755 7114
233 2154
5289 3912
6548 3939
6662 2661
951 1858
2577 7480
7382 5959
6368 6975
2060 8834
7956 1508
7368 3481
9835 9038
4502 5575
3118 5895
3080 2644
2571 181
6514 4861
4589 7432
4726 800
3463 1199
7940 439
8224 1703
2659 9646
8359 7936
2541 7234
5000 7214
2724 2824
8567 6185
770 4088
3161 241
8943 580
387 6931
6092 2056
7946 64
2076 2544
8905 3856
3458 5344
4928 7218
7316 9108
8681 4142
735 7381
1447 9802
4533 677
9543 7141
7090 3143
7064 8499
9501 4350
1831 438
105 528
8243 6101
6650 5782
1520 2044
5700 7907
4663 3599
1615 9710
5226 4252
5688 7166
5684 9756
5041 3042
5759 2982
4969 1850
3888 4657
3782 69
989 1059
1854 6072
4718 4426
1956 7959
8977 7542
576 1955
6695 7938
360 8000
9421 7965
5194 3010
3701 7417
9484 1732
9282 9135
3082 9204
7587 541
8014 8494
2662 2158
1086 9475
9870 8644
1263 3542
479 9540
520 708
8806 8462
4417 1981
1958 5047
8138 2771
5197 3653
104 9166
1909 7318
6458 3785
4278 8621
4586 1533
6728 1723
6190 9991
4823 7334
6654 7545
1951 7672
3153 4794
9703 3799
9744 2090
8522 7756
2940 839
9312 1442
299 7637
4795 3309
7229 9261
5389 8533
7405 9557
695 2765
8819 9192
5340 5188
1958 1457
5701 1944
9582 2393
8365 402
2904 3883
8156 145
2051 736
9778 6678
3544 1213
3609 9946
3238 3749
9468 2808
1275 3099
3926 7850
2895 5144
7107 9811
1241 4629
9092 534
5253 7926
6478 2914
5038 6963
9873 7803
3509 8964
5094 2709
6099 6441
9010 1487
2939 3219
5288 1738
5912 8051
1962 1461
6870 6844
7071 1286
5773 3591
8768 1655
1384 8275
6717 1755
9620 5495
7309 124
420 5542
3666 5858
7201 9470
5355 6721
7070 8765
1715 144
1961 1600
7094 8385
4958 7209
3364 2690
4790 3996
8350 8831
5308 1206
8846 2
4080 7787
1619 1145
9269 8491
2073 5505
453 7375
263 2628
6628 1558
4418 2461
17 2615
7151 756
8905 2674
6438 3498
8246 5223
7090 6578
1397 3074
4245 4778
8853 7458
1608 4661
6155 1365
2895 3511
1635 1314
5931 9484
2337 4370
2986 8789
4357 5467
8777 5696
3212 7707
1737 3939
2563 8285
9423 324
3591 1563
133 8888
7592 5441
3727 7094
5500 6489
4728 7127
1359 1305
7787 8285
1096 3493
285 6429
9543 6546
9735 6218
6427 520
4401 6704
7408 178
762 4153
4053 8534
7764 2367
2108 859
1325 2751
3034 4076
6344 7734
6974 7176
3001 5147
414 9107
2240 2504
1869 5021
7597 2599
1290 9101
8210 8789
881 3418
7014 3605
4244 2485
8293 3332
229 5446
4581 4132
4906 5153
8451 1175
3779 1269
2700 3434
3463 6865
3496 2075
2730 3603
8400 7129
5548 2094
9392 7863
3163 1768
6696 3596
5768 3838
3692 1578
3799 6020
5099 5576
4720 1324
2301 2974
9138 4593
5910 157
4823 754
7143 1801
6835 9078
7092 8405
9734 6352
3599 5241
6545 1408
3123 449
5525 6179
1693 2293
663 4969
4021 7361
3039 8337
6027 9872
5904 2867
5323 2810
8610 8937
3987 39
4107 6363
6060 750
204 3926
8819 7855
6759 9112
8252 9994
8751 9514
236 7114
3960 554
6549 9489
7533 7300
4047 9632
6976 9645
2097 7763
123 2636
1278 6136
2902 8822
2876 8714
6434 196
6865 4126
6226 1266
1190 3417
9 6646
9597 4348
814 9931
2703 4173
2876 7130
5150 9187
2694 2980
9753 1806
7992 1758
8286 8864
1384 1962
5993 1164
8043 622
667 3418
2932 8147
9302 2835
312 7915
500 1135
1165 4576
2728 7065
8593 2757
4588 1868
8550 124
9833 8893
7131 4388
8629 5940
9270 6235
4247 6935
5261 4984
8518 1973
9604 1742
1151 1789
6656 8254
2486 4776
4106 5724
8723 9881
4767 3627
8493 2976
2085 3864
6645 7333
4904 9376
8505 7143
7859 3215
2553 9009
7226 6470
8582 8101
9315 9768
3926 1929
7685 5297
7445 6811
5304 1396
4453 17
2172 5247
7718 2673
5510 7853
7408 6650
1749 3736
8973 7582
6659 4392
1284 1308
8327 6621
8464 3710
2343 1349
9055 1932
4602 634
6118 2746
1931 6955
9746 4261
6490 5621
3049 1686
3053 1806
4207 8656
4180 4078
484 5628
1130 9835
1963 4846
1431 9583
3414 2387
6754 4424
2301 6938
6324 2236
5165 6300
4088 2790
8349 4905
1550 9201
9979 9856
1199 4624
4981 1723
6602 24
1476 3573
2429 5819
6515 9193
6448 7634
6637 9240
1051 2934
5700 4118
1639 843
974 9282
1970 7289
4154 896
428 4904
5665 2917
5535 3047
7271 9263
3867 4489
1904 7550
7327 4077
255 3426
2132 2489
6602 2818
6083 6675
6681 4998
4791 9419
5678 4242
2237 7879
1694 2336
2600 8812
1789 7529
497 4455
56 9647
747 8646
28 4762
9316 965
5604 4973
5928 5048
7263 3380
1728 1874
1728 9309
3479 4672
5439 6272
2829 1013
1357 12
6389 131
564 8303
2073 5203
7405 7633
9453 4577
7660 9854
1649 9191
2245 7118
3536 4580
5298 3939
7429 5256
3708 9374
4877 8943
7430 6750
5223 2919
6298 4503
6520 4528
283 5675
2460 8640
9401 4391
9479 7327
9603 6957
3321 278
4487 9817
4495 9167
9429 3314
1958 9768
9026 3199
2171 9690
3416 6259
3246 8353
8410 2342
613 7895
6708 4946
2269 6769
5697 7287
9131 9925
9799 3451
7120 8774
4942 7410
4922 4527
6638 8309
3400 6632
8565 4434
70 1927
4855 4832
278 5654
6112 9853
9840 3164
7669 8871
8336 3483
9993 6499
5869 3334
3419 349
8730 6253
1884 4108
2614 3270
8703 6833
5774 2570
2106 3884
8130 4729
3800 5035
7604 7914
4848 273
5820 2819
2545 7774
841 7666
3620 1264
9027 3974
9315 9926
6956 2461
3752 5565
7412 4426
5630 7561
7516 2418
6404 6001
8450 7044
6000 4264
5611 2339
2928 5156
8031 4465
491 3212
3325 6233
9926 9442
6047 3337
7475 8907
537 2747
4612 9031
8539 9630
7645 6898
9430 7045
3224 5974
3083 9340
5457 2442
2495 179
7489 7050
2043 9513
7081 6452
2959 6917
7764 1165
3814 7059
9663 911
1493 9802
5013 7840
9886 3222
3954 4239
9089 1111
89 45
9329 5494
4721 6373
2292 2158
282 9289
3684 1150
6157 9563
2772 1930
370 4997
8908 2441
5883 7030
7765 4383
5566 4474
6864 87
9248 4532
9984 4380
4636 9130
1224 6868
7570 4893
2175 2714
8029 9748
9440 6374
4573 8612
478 5019
7939 8046
2949 8126
6731 2965
9676 7774
4963 7018
7574 9027
9674 3734
903 2743
7092 7555
7972 2172
4730 5144
6243 7833
1918 9839
9250 4596
6732 4068
3859 1165
3708 5068
9573 9525
8995 767
1230 3098
9913 5140
6340 5776
6566 1560
3707 3869
950 363
328 5729
6444 711
9652 7247
8722 1245
13 5725
1070 5886
5446 6148
9136 3283
1215 52
8775 8777
511 4728
2212 8508
749 6129
6919 8895
3087 7025
5413 4117
9465 9767
7259 2528
999 9154
1164 1412
6086 6707
3638 518
6460 6868
6371 6182
7272 798
7036 3590
8692 5724
2199 6630
9303 5882
3393 7086
7431 9289
1446 8039
2843 658
381 5414
3151 7652
7217 7718
4944 252
4570 4369
2760 6000
3339 3995
3140 8728
3620 5627
8144 7833
4887 4646
5140 7375
2007 1897
2615 647
3245 2147
6210 9046
9637 78
7872 8121
1221 7704
2673 122
4221 9986
7470 8476
697 4900
6982 1556
868 5786
6327 5060
9767 7024
4969 3652
303 6645
2436 9823
6957 7759
4369 3112
8310 8875
8894 8839
5947 3390
6379 6851
8803 6126
7250 3117
1428 2086
4548 9255
9472 6650
4317 7904
460 5319
3257 7470
7660 6214
7249 6422
2122 2157
3614 3834
182 7969
7838 4304
5415 8941
9139 1914
32 4072
7129 1495
1341 1429
2784 8726
3805 7468
3815 3875
6281 1137
7034 7919
1618 5918
9378 5552
9417 3730
5627 7986
6488 7845
1283 5624
7838 663
3757 4900
9800 2420
869 9374
4107 5141
1375 4964
9485 2887
3384 7855
1891 6800
5822 6365
6357 8419
4027 1472
4766 5058
8461 6771
6848 6571
8929 1796
5668 3872
1757 5619
8863 5415
9773 661
8960 6858
7668 6341
1493 4380
7637 6856
6030 282
7850 9179
6105 6297
9537 2908
8812 1873
8167 305
8946 2229
204 6152
236 1278
2950 7324
4201 5156
3490 7713
5632 7288
2229 973
9802 4609
6592 6515
6572 5137
3970 2493
7314 4691
567 3605
1000 3491
3727 4224
290 937
8185 9112
4571 3636
8478 6756
5802 4656
90 5910
1152 7651
2372 9905
9198 1785
5279 5492
8324 8346
6090 104
9284 2181
2386 8338
6309 1132
2759 8357
6019 9435
5739 3527
9732 5573
7127 702
3062 174
24 9047
1971 975
5382 7731
4054 6953
6213 7151
8888 9513
7909 3390
1667 6324
4436 2261
2824 8527
532 6706
2443 558
5335 8906
268 8279
3365 5742
5201 882
9344 7369
5262 5647
2415 9097
2567 8452
5767 87
5516 3378
1800 740
6899 8371
8659 3827
9380 1234
9625 5853
8381 582
8239 7412
3318 7228
9470 1800
3871 8625
343 2640
949 9657
1267 1814
8771 2127
3416 9457
9093 6521
8247 9935
3976 3462
1682 5775
9454 5655
9372 3721
2365 2968
3865 1451
2119 1498
308 6176
852 4062
9807 9503
4795 3439
9701 7614
5792 6013
6636 928
3687 8194
1302 9090
9991 2834
5286 9550
5945 1236
8655 1354
9280 3159
6616 1136
2338 1635
4108 3147
644 5742
927 2123
8581 5991
9530 8581
5105 9698
5159 5306
4997 2640
3768 561
5586 7851
3570 1444
3274 6011
7543 1412
3928 4376
1121 3482
6460 876
4810 1339
7076 964
104 1575
9446 2547
3142 3103
6089 7475
8990 7664
7076 137
7715 1648
4654 9571
1098 5812
1188 3569
6872 7787
2154 2574
8486 3227
