509707 749615
152417 164523
12012 386316
435191 216178
879606 60583
505698 359581
633771 727646
758388 596382
791589 525036
178907 316018
26024 566820
943493 185321
126856 570825
985046 336604
298279 969569
719551 612411
74932 424065
587370 671171
443503 165260
995489 880096
907873 977153
295495 9740
832227 801389
149381 727530
750083 325464
2040 791825
190267 484810
768553 804785
488385 391396
365145 993264
766419 628140
446612 389908
373150 196938
244673 67304
134000 810592
312625 314302
280654 826599
632892 392945
150720 52673
411733 439887
933935 681160
255739 452209
607876 591813
749221 909039
816364 719429
356164 849900
671471 744022
13164 823441
180667 338870
969870 779681
100793 229478
879815 208973
739001 777297
664569 310428
759150 838967
175541 937207
864537 508087
765149 867414
679421 311492
694186 839516
790424 44881
355171 228835
55440 797702
696425 907346
301523 781383
610528 968169
912802 16590
615836 324801
631810 77320
751969 286388
759442 131215
35990 385342
523097 593120
148685 606918
437473 456790
221357 28950
534169 811597
49030 121763
324050 757103
492537 688525
955571 975359
365228 242276
222670 94393
670017 371270
656670 572754
663767 287619
163308 801379
80660 505051
471479 428497
205852 285949
288115 647306
379915 591066
180217 508996
492254 516980
421128 802988
395070 911083
861101 349620
939018 37375
257519 516580
560490 488833
489461 851138
555086 412170
567770 762487
782410 378316
125226 732633
176012 202750
593633 119692
787413 907133
951471 535634
57723 752259
514500 20212
35498 227850
582020 856433
405600 229578
203610 635572
2779 551791
430374 344801
995989 418780
397229 564039
411935 445014
689051 494895
383325 804074
646500 390193
220558 48224
561353 618098
570297 627816
879182 837328
376096 268741
407415 65073
581103 239578
907960 54555
343719 395947
150078 164805
878023 570790
6848 812669
251424 317998
892701 941727
993034 683072
113679 923846
785516 220865
859131 81492
77953 911295
134801 809273
699535 432491
381230 279454
33122 482623
15792 114060
402358 549072
966227 469721
622887 126572
539222 123833
323273 870408
242043 359313
64439 342471
18293 725622
508715 547587
79341 179354
88271 701324
218889 903387
744800 900427
981864 488226
305157 482753
236306 228124
562969 315033
427869 707207
983061 513866
135460 112560
908470 765772
289197 241235
711851 963099
437233 505105
921203 170754
334380 60807
398072 671595
899055 16348
675816 826461
197283 257395
373636 386988
785550 246040
6250 459372
522846 317643
823151 761413
883885 136387
614050 321851
282099 151925
376157 338535
923872 798898
921307 152501
582251 88040
130578 919508
948680 179381
860960 505538
808715 312818
237243 640907
604935 829457
68437 998729
128934 299056
857238 243003
948221 311763
43165 577396
593648 846918
134734 743405
429174 381376
805225 204106
274471 446613
578102 538063
211164 542026
124641 1994
937204 898310
245141 906564
830156 340900
849163 142736
158776 530488
732018 494896
75657 828204
985038 443213
206330 846056
783524 526034
933594 569978
480891 591487
459664 167258
646684 936839
906980 1940
266846 408586
541253 259078
709503 275066
623837 697840
886843 34084
510944 296805
507808 94982
228714 531662
949062 151337
646449 587359
186702 896013
441904 195359
263196 859221
813410 164291
311166 519422
789458 851384
896183 725047
605652 333791
99993 613715
721091 868294
251814 619101
660584 865474
48301 907005
182914 511634
299420 791078
127245 664147
249213 680237
305555 87396
244271 325678
949485 349199
87708 892596
367145 988879
53284 775397
538931 906048
832309 910313
658039 134852
442196 307229
306567 287390
792539 664059
999145 182213
95066 413639
862502 178294
815103 798761
874910 167095
185153 854946
630042 935382
134677 436615
191149 197711
381376 426351
51013 868162
965165 698708
888758 428264
672024 170099
147298 641993
446714 528214
623068 864693
989878 52029
331210 398980
704545 561411
152014 365465
978786 545491
808828 252595
802207 627132
287268 427061
238550 307041
770959 943122
595404 636626
298158 380058
714924 709679
585692 5034
595807 521319
965990 746453
931603 342358
1954 561492
761681 713776
736163 781681
588480 21707
312120 49605
419259 854691
384039 922237
48314 956083
245032 268693
591920 641389
878883 405743
585419 114346
147615 403566
83155 348032
948705 389201
175526 550960
390684 981415
229378 479495
543359 737178
831254 464129
132859 692723
45327 14494
255468 956906
889675 156612
141044 38435
360752 850774
159391 278385
579088 513150
431030 344678
285541 595718
668993 967787
371547 599745
104159 569596
209158 387296
570685 33821
470765 137405
75475 321505
340513 856332
128462 454544
89670 532842
812189 710006
402581 174129
690967 843415
600838 607124
251351 393747
873606 606283
702914 423311
328861 577994
648383 577797
684132 81233
333968 563454
66520 826828
820976 201463
722755 135899
730644 38507
512319 277655
795530 871890
801846 988782
453908 85799
891007 443932
318501 2414
903484 610565
734310 397149
38933 248065
379232 940099
850647 292603
509355 164472
134967 369198
973798 141138
55714 574138
751241 433376
196238 216372
101304 824504
329802 671472
657741 587513
134676 688587
429160 72222
185413 606813
379626 508953
89306 277605
729495 399644
790920 688098
863912 374280
338524 800044
992871 15965
297170 612615
6273 49020
391699 524918
604205 614470
914603 888794
354520 464539
369380 60461
796978 448718
708769 26299
972842 334671
638902 733656
343836 90628
549389 37290
121512 47191
686491 117750
520760 698013
432178 63982
36047 775882
54685 480323
929236 22300
268067 569652
548631 655509
936629 624527
38334 853571
759417 552737
108171 382823
511433 754461
693561 647398
644076 437496
237781 280056
704137 188454
676673 254460
511212 781317
780848 824258
745599 548138
573616 343655
397369 31658
380536 121037
252535 864716
111961 864501
138468 366593
583344 195837
943800 429720
77209 837893
666970 241882
294545 85637
829552 913193
404507 350696
322960 108914
309163 275279
370369 795136
203265 355219
98114 623505
725683 5848
747749 179833
448884 918559
369581 649679
620531 246778
360886 730467
242606 142794
109622 715334
452507 277416
708890 705241
384495 809002
364105 583287
114743 297834
561391 31451
666786 2182
757388 569668
724620 210087
567356 799639
534533 83718
332614 260844
540360 760942
831334 602447
413355 170946
66945 503342
94650 462113
755008 238678
538943 456105
219327 702670
425803 759648
850372 17595
100433 32501
242898 206042
532383 134078
668086 708753
550745 483976
462837 583300
560913 216126
247335 130292
342275 752559
327272 43427
116354 22374
232985 284203
738488 263440
224124 130519
423117 171668
659257 198057
941767 882861
766901 259398
864490 155542
206277 971809
842787 538069
796080 986509
464726 388568
91866 797062
235250 794090
892187 314772
742767 411025
257119 701581
910904 480242
997773 135871
942529 869590
203684 5795
71365 368358
132899 725022
1240 437305
338241 892992
186770 888811
256229 97563
746383 652686
190202 378260
181898 104097
944156 410705
707310 977213
186495 204879
107705 233716
639758 886863
553753 448060
901407 528072
174273 592733
459363 498974
815981 468346
16660 20212
799807 544540
213859 739826
437050 586440
722406 530545
177334 51942
124225 1004
474239 703165
63907 992686
955441 299867
624281 887747
891161 767670
996352 265583
890766 86005
510446 335119
926001 547733
8420 765424
315191 847834
517039 541281
97184 637609
287195 300398
198749 498038
281793 319440
267550 800039
553412 876845
173273 698145
668689 409231
87736 150674
331100 152423
61695 254699
833672 63726
300157 639889
991481 745731
143628 942302
235987 411971
26670 503776
328186 898568
889648 647422
652476 624047
329106 23652
294368 803662
39549 140445
572710 972891
516701 58016
793515 283289
809677 633606
101412 996891
407152 497168
805682 889196
755570 96400
925788 694003
245245 953265
619028 210681
691866 302355
450658 910190
108319 345382
711878 960479
36948 622971
64261 702063
407758 737949
779119 191361
101922 642271
525076 670392
559584 524031
377233 181627
628973 99402
465010 167210
790426 884032
843425 469203
71692 310231
674299 334986
322529 377304
13490 755961
690552 536535
247239 481101
962800 42813
486302 80196
246199 475055
355608 247891
900901 107227
724862 258215
677360 591831
433969 273626
616447 397026
299855 267425
861607 39372
426233 64085
970165 180218
25060 610013
49765 26780
707917 527736
821063 477816
676722 787057
584112 880474
891710 919003
3837 621489
667324 271895
485681 436842
880820 631799
592077 501900
738806 976622
646907 172514
57578 638655
570390 549849
827044 426586
185044 626082
824110 992708
521775 275281
884285 727324
479863 738011
200574 454656
391169 729147
56176 259712
224790 15198
907501 488423
471118 586027
714862 593355
409446 694727
881768 858864
727110 397278
148955 64942
79626 748558
341594 870878
897637 589902
840481 289017
445979 506801
254043 936869
185443 932686
550952 243246
231256 430136
220288 222122
345146 447513
14868 449558
827212 491171
32001 12523
244018 576597
779932 265597
741190 426799
557830 498239
181006 447209
74998 681948
950125 520402
258458 248289
394464 440966
417577 79625
910210 69822
84188 898910
502431 548087
482740 590608
956477 177008
997698 901110
913647 856505
695537 501022
446397 742686
77821 496189
885894 346724
668853 78566
219888 328493
814792 900693
511741 979562
339387 664208
642675 22302
714372 318516
588064 966954
78118 886221
839870 977965
844885 364116
836792 37885
432878 271774
584454 694995
704125 7108
405291 93541
538779 266760
60342 802316
13769 68017
260861 992517
376149 136868
24911 497575
849117 816624
310504 761508
656345 983253
272201 437960
74206 261178
803546 764174
530393 151208
534665 419714
819992 844403
266239 650023
532622 335866
339983 470965
574851 979056
769691 509417
817109 327387
407808 602574
658719 516075
975504 544401
485028 69886
699903 429387
65900 237143
568281 975258
639389 57060
484510 237695
2915 456773
901900 112931
903171 985728
347861 939891
530650 775162
884315 925298
635963 481818
81777 390647
259525 264892
726559 373447
643004 113347
69700 326354
888128 62427
444582 320930
712679 257015
93707 52235
521161 716842
222734 550711
542926 967688
581912 671416
96812 200429
518930 695290
746740 591081
868831 656385
58692 341276
61818 903471
572748 841721
591016 889189
128423 357979
846237 945013
611985 123945
573837 144056
809225 405317
874931 216692
759765 88664
4295 893163
254655 806832
558106 323986
519323 369716
898771 451015
552833 889783
85591 509654
300238 154053
471761 719675
719325 612837
469309 907696
342132 376090
467150 703257
329923 476517
180778 931758
84293 678464
696342 892920
581737 770768
531728 290513
582732 907870
222388 262442
321645 872433
853267 683104
206368 335881
888917 482064
601437 948035
262497 911400
513513 172502
233295 338155
493470 226934
84142 776835
979341 633425
849348 214551
145377 430836
161635 765781
492372 515058
388918 354692
330243 449131
573810 374585
178940 522333
450938 811737
306266 308521
927339 818920
761171 122106
444048 472576
176611 699257
509719 514320
722747 93844
319607 569011
734224 711373
389195 350459
137206 468586
718937 568239
233406 542607
863788 130780
689024 80190
173073 744613
716249 387355
49676 5357
522963 450631
404726 699925
194733 183670
837178 968837
693533 620628
478788 400148
306575 389040
51839 818159
150553 917783
527807 977597
175988 771969
651898 411455
445224 21380
188015 938999
912181 807912
171318 146796
847429 189215
400849 192239
306872 361224
931411 422688
527868 938766
968247 767397
289454 368489
944013 913629
583071 765068
626764 339046
167156 593978
44425 245934
899942 810212
723096 139122
834316 733210
575779 612349
980455 306337
700923 179297
953159 783214
939423 324807
420784 384370
534418 475367
210845 744796
981539 932278
802445 686771
911883 714492
434528 838190
237681 16032
804625 297261
6858 826905
301284 239536
971279 711357
41927 848452
28637 91013
217247 780777
794204 334819
961885 294501
860711 391811
79401 540761
757535 657457
525341 490407
275498 41656
255431 184681
986427 874531
264741 866179
441069 337512
220598 882525
979220 201444
284598 140033
891169 726499
712693 475408
310746 36651
477186 911892
290086 577199
917259 227466
457333 831391
788933 258446
820834 939990
670370 344225
356956 910327
24895 414614
300959 470861
795178 402593
79353 843239
778423 101321
564482 103491
853450 622373
103950 158024
200077 316540
819797 984509
835630 957987
756321 415102
732471 698915
507376 891123
353420 774587
716767 968562
782769 702897
708694 511490
577659 815475
255226 160993
957634 823327
586087 611702
61604 749824
198006 868941
198938 756220
543357 657986
56732 996408
505623 795864
538760 495476
197503 154357
834721 324680
433949 382325
493769 640406
519588 897238
215221 464237
414507 526506
663904 330963
382456 250962
438602 580546
130106 368412
52245 838024
420329 676104
53611 29477
746740 333229
967793 555663
33988 149911
167622 339351
726604 523130
40433 976655
618747 373963
709711 210759
157847 258194
467858 724180
598868 220357
732371 444981
571602 100344
169883 275771
532315 779247
211709 32087
712942 226744
604444 664795
848450 425575
373707 266607
863608 531210
110098 215238
207259 538524
845129 284392
225903 630637
808349 64424
758463 924809
547703 749402
183403 449789
719631 745213
931738 928171
533554 511436
908114 77466
293191 860177
30442 787803
288207 87702
431249 807407
12404 917496
877882 826720
235519 50965
529373 127174
5115 434869
169542 673188
360938 98735
498394 552063
505895 513535
993577 730913
484824 357602
273159 223963
879736 213745
751520 430416
266614 670060
635581 945650
572201 466508
159381 746981
429423 111677
488413 432100
170906 772585
575460 55305
467044 90425
492378 39121
148870 368823
486681 778113
685946 490796
848929 963369
521213 78576
826719 616861
637245 251859
996039 565985
102800 143517