64870 787043
908402 242047
237105 819286
995357 99361
650707 543438
490239 695815
833733 820658
194727 663546
401912 497003
252347 194302
320555 505910
931957 153958
579741 263690
490502 220782
194982 864953
60542 568177
644464 998058
699640 85913
733472 449676
330629 698050
431273 884306
946377 615247
700057 162052
351982 497796
887575 369047
578531 253995
719700 526296
81029 861534
277462 373875
66188 232244
30195 470341
642141 728040
697864 425596
815714 116001
345308 488085
905924 909543
166133 446131
297328 75714
875970 148236
482145 415408
223138 866567
823486 158676
133555 889435
214688 180671
874372 796606
350561 398708
51846 521115
836877 175043
569351 752884
379044 536692
817106 709837
547464 718298
999011 147126
20586 880403
945082 806859
715319 748292
17369 469150
447225 441279
396256 323473
320313 202540
963363 81095
46566 243786
104504 927884
432170 502019
759508 637651
525378 388818
616694 136931
570821 972575
576630 667046
445050 294761
980316 781721
639202 626364
259218 228582
4558 455168
30849 193759
902549 296303
333299 862310
817577 474075
777449 828496
700828 946612
875539 51442
604288 594776
959516 460943
149885 845276
700120 588880
381079 816919
879362 483956
627705 715968
337358 207110
830137 202982
507151 350160
572002 178774
597624 620729
974381 949155
758307 691885
756866 143418
614672 60105
857592 830193
862363 903174
798693 953967
69554 802116
765304 547152
228305 389108
981585 78511
888159 902517
497272 11236
160632 293347
871058 202408
847159 428289
178987 994699
944798 689094
385919 811750
706274 746924
696981 545937
269104 575220
89651 850661
728092 274016
304828 97682
77678 119808
790106 825102
795126 757678
502815 111093
759799 592149
549640 194549
506506 12287
258722 103308
893192 717648
897398 952740
506444 955607
536099 535518
30693 598898
463003 191602
142 665260
460689 429478
468171 533715
564595 840079
424614 369380
497634 709445
569970 475813
590397 849771
963612 545421
143055 650832
817885 757072
728709 784312
243028 986206
982700 238649
9560 318849
716895 856852
371631 777795
156342 286788
613622 634716
446249 951538
606727 730623
170728 455768
251884 555076
636244 671235
602046 88175
824867 678224
712536 596705
783055 881084
17049 723204
758532 643180
590079 166622
903958 969285
624134 637454
842929 603697
750357 981329
312294 328273
808619 57460
385217 391292
255548 29572
79280 140075
904320 283049
449936 450423
533945 142677
608608 173672
886643 407046
870026 220229
726032 409280
334059 412868
784245 302334
923965 631926
921364 276159
406723 474054
750004 995142
374336 46411
962027 925081
180144 886645
179593 232140
341809 222973
861513 833694
789494 67786
47079 514856
520124 701225
108675 580789
486305 935946
483544 56881
371845 442086
348816 766125
185742 175379
672292 780675
345427 92995
673970 962431
996854 780386
941721 711244
49928 634975
634434 609812
629324 610998
103168 801440
493856 863447
664089 348470
869268 86446
478008 225886
264012 342190
463487 405588
548260 236621
32236 468320
581407 754163
840387 634732
314192 683954
913339 521569
563484 451447
296397 586390
780295 109913
302420 53926
950920 285715
861243 969369
10211 522881
700466 224861
3426 803534
456182 798660
365525 869821
303203 474357
684645 805983
628423 255897
127154 512754
211837 677761
804035 106663
823363 223253
2080 373587
139185 10944
702466 421828
882803 194393
104054 319413
657074 309257
990561 23691
449603 79486
724767 483819
770412 432643
581176 784883
976401 276615
568895 803775
159584 978683
479205 668421
758294 974180
71607 538960
200536 446026
900818 49791
907887 999703
354265 786202
306637 702110
556944 527985
789747 632757
410317 833627
428946 410308
641969 872898
257063 176783
191550 999259
963844 85153
755803 199415
871828 577905
164794 899909
454563 996600
695565 336013
426402 119952
871862 194006
421674 44278
126744 595280
504940 362782
464134 119790
807953 603486
382501 902314
564855 919288
476942 801306
897147 174618
555089 128031
774702 119287
158970 597616
307519 611758
848149 246711
655142 31684
864324 595583
850574 189490
141709 938371
260074 393951
565287 618826
83869 166863
455594 713143
880770 155135
572530 89943
983499 616391
110611 248331
56872 412250
500654 639639
495788 209507
844360 277641
727064 686718
46350 236458
36733 587100
205057 830513
496640 53456
965842 770783
104894 695423
106203 182275
302452 49081
406694 351869
288032 591603
369153 893346
794090 66523
946172 484045
224223 190302
807603 299398
827926 657043
491547 389525
379575 570477
182290 840692
891251 115800
758158 487850
12315 46423
802136 757474
753347 360846
574811 82351
608683 688434
66548 194280
349749 297136
734296 941648
992352 717454
594417 123966
866713 907155
515477 780961
10174 292695
897210 539663
189425 125850
688439 666648
616778 352409
229733 820416
998044 633789
512040 821749
466626 35019
301226 680980
817507 394031
718404 236084
936580 266279
369107 158885
84248 572417
447674 998132
155387 796392
182139 725452
593649 755025
804525 892375
427353 628602
885410 124595
317060 142773
312992 972289
598032 495895
604815 940303
434194 547754
674022 194647
355440 197473
823088 265229
4564 820755
659680 628096
514117 399471
651049 886897
235751 257206
560372 21809
497874 254290
282334 141435
599467 886039
261174 818897
440150 790069
594857 615120
991166 847168
587341 996576
656677 183176
731583 864436
115979 652990
701680 371178
393267 294283
462336 846635
174765 993415
94504 282769
348538 610561
501819 580958
555249 936051
331394 941575
887715 443168
149249 227592
509750 568650
372234 573222
87599 972500
446173 773171
938209 390993
426693 269958
531674 102034
343981 571506
226227 340979
967395 234576
308335 568679
646248 398919
306368 153894
186901 354679
954068 433182
807931 265374
667732 60184
578138 526466
440634 30037
55844 637849
560481 139564
403973 940217
659549 894992
986316 746012
804319 48244
921554 339051
943859 280118
649345 841040
285029 108815
875889 872360
259307 212625
770149 827876
745665 76437
693610 432805
416388 770358
626751 377265
532905 26473
914372 980617
617084 120011
243778 588171
408799 566544
905404 336047
164363 707792
116263 221631
971266 459781
905112 951016
54059 113904
191474 972895
958928 323336
309148 999762
535927 583439
968255 920581
779204 56664
109170 912863
541804 38914
860480 500760
738490 389550
330491 871949
43266 170349
164392 136631
611649 501678
425202 603853
575217 439653
275767 982074
580489 162686
213750 411400
94143 487538
404952 27226
539995 764977
963387 514556
57408 669941
422645 79892
692843 974224
153125 884185
346746 995386
403352 96713
693622 462219
328826 764258
863507 202667
948200 491156
807664 465354
731640 433287
876482 295257
834640 779000
882838 640417
264991 243236
951060 510968
500924 714775
102073 592893
915745 769406
642621 828728
674133 402255
130379 753796
164021 867529
501392 904937
961295 468859
118871 478012
186759 314582
487387 846428
529492 823193
898444 692049
966337 160206
468854 655325
244912 900592
197015 900727
989560 875681
609661 786913
211474 789442
284851 84105
888312 4923
899710 324149
879786 514792
742759 559982
827772 131586
963741 634573
3710 546986
908296 332129
358264 935230
855239 661057
505499 456306
180632 644550
664310 396339
33668 493383
501307 707756
182638 605081
619293 350844
693818 556100
854645 725851
116183 632926
4194 588426
861631 986214
402440 108198
384329 263656
547423 517515
587328 141154
346027 654785
237055 159013
244024 44164
654993 433581
28449 762889
505514 314419
980785 656362
77077 988301
744117 101184
37005 177593
665348 429901
15222 213516
157925 810613
31030 260417
466214 252628
382585 152031
230481 945835
845793 199566
179327 525144
678685 62799
943144 826912
135262 519407
531592 807436
342587 175137
371682 695155
709341 260085
329250 829070
750928 787728
411612 57639
592070 563252
41555 450909
765804 917998
388595 916280
893878 751321
199687 135980
896611 885398
867940 641511
244241 644549
900254 787077
628692 968316
309021 965363
505244 954783
574047 728027
627499 161093
879562 855364
177554 982441
852032 609393
496136 765644
457091 78800
542600 861056
402844 101358
94211 496080
858529 62633
495543 472582
800240 473552
318137 270469
803984 825163
307437 451182
925559 474360
592922 876600
175289 13777
459776 164204
710481 496586
127581 233543
889796 820217
376477 210121
225803 911623
456596 851707
666776 903245
272678 601447
584915 663384
199798 754865
277597 230527
130777 866285
678729 410359
226669 999946
879190 953671
638353 34946
921624 421524
58914 366672
350381 599658
173471 919374
950058 315219
622002 865673
222601 333372
862793 70479
405729 375384
673785 47420
409175 694485
688732 567424
989726 394784
410257 240187
388541 476742
159316 194387
79478 864871
95105 675563
704792 703761
97643 734897
44844 863375
871186 262228
217208 877944
893176 275409
608916 275070
113305 250667
976450 441626
296321 135106
285677 62392
228284 415134
607414 993613
73374 868562
352477 452281
59016 310136
783121 864878
487632 380
985052 649119
945623 707222
735430 287938
687931 284514
177152 756461
537746 18430
3300 465406
385439 687249
968370 377454
187350 276293
506290 514154
771931 128794
824659 74287
741680 921484
209768 201963
906871 198407
787721 565091
827625 803884
439760 94700
49357 20607
267767 890574
66712 483004
880691 761570
164445 470220
364722 912385
432113 193640
879668 948027
81716 611243
724493 251727
352835 812118
726269 978717
241255 2077
467612 919539
180657 991325
472070 243106
781710 354120
573950 193727
196255 787999
258136 432878
916417 290311
784932 249968
111113 163620
692671 754955
989792 469011
793220 135626
669653 975508
64427 152547
479382 573275
171426 581227
181945 279192
238742 518607
609920 16223
179949 12042
302606 264498
347911 566536
623985 205694
483085 223013
407625 429468
704006 36387
435632 600019
715793 642270
793869 732071
604293 351444
107466 274642
690692 282004
944749 654518
196238 547928
471080 774326
764933 112569
273948 827568
10281 862349
684804 417870
389839 217732
868396 352946
502945 450984
684674 266693
495518 578013
111960 740326
456796 304244
226001 69389
572087 251565
904457 669165
914844 754920
978133 125247
660087 844216
3340 179521
858740 973493
469818 504848
92838 582748
900433 883700
516993 484099
842489 246909
466731 807368
922559 342643
152598 796532
966944 849202
248758 445176
770346 801349
3129 226803
332256 651418
909690 65511
479464 894052
840513 870562
470684 984616
754110 495828
663972 546058
1847 552407
261744 712192
391391 685309
878923 794076
388650 796437
118810 164058
723985 258312
986354 964589
210217 474342
789821 288783
838278 196207
12336 899927
607716 594144
649620 483433
743075 843482
651416 495718
813316 517286
411167 137327
486457 42992
438552 738013
891091 698392
914838 878028
14691 560717
529133 618125
455115 229062
298081 178489
385354 152324
335818 438329
791105 33465
192059 568576
828780 703268
339893 85384
339538 114853
372385 161276
900717 186436
16456 555354
623518 374445
253655 980441
948809 934339
712502 817732
448505 736421
270742 570827
343065 159789
64766 136802
464984 941208
684978 265754
63136 710318
397124 911684
157821 239290
423928 785487
34600 750295
209938 218934
165991 566894
66751 653007
352392 493891
21166 634709
998809 418181
894126 58706
832836 398666
859490 855219
174256 131782
654011 876739
133196 584525
932501 798661
37875 717369
192874 14261
590833 982267
530885 177509
51662 901314
235555 305133
632656 832579
609421 49017
77193 32049
504960 279280
306979 13704
446308 49441
201577 454559
995424 64823
595469 71679
113957 430633
177230 491670
706783 125493
185742 526098
255415 186302
62582 647816
889273 924500
34222 570467
40124 470649
210579 376723
570215 639651
519594 722347
389322 49666
808304 787518
470261 1356
567030 328770
329122 273669
48321 11848
714298 202300
553983 48707
284381 749444
82861 702915
753031 670723
71474 925720
457527 892727
802977 688901
326915 15457
22433 103237
973251 919909
403092 371438
521462 152752
908169 513994
420056 387692
376881 226106
123066 38301
447028 206095
992505 548521
212848 423058
569697 395415
936565 297977
53163 749107
942614 398899
839077 800791
229258 928135
878924 117104
949290 614831
736264 906859
772302 438746
612788 956671
294080 744160
336446 32179
27975 442959
523759 81823
109794 123468
640286 480150
878408 727167
176306 642573
996799 680982
814321 50168
347834 458213
402420 553711
662713 398877
929922 691986
957700 125731
233983 822786
314536 465577
130446 743983
360784 195453
472744 423568
310417 553796
655907 671053
218258 306545
810741 425033
669403 723716
339455 336956
696949 394380
613975 691948
307172 708128
974839 831990
551232 741367
156644 157888
323941 919193
45652 164214
900993 95474
235134 559845
283479 136910
646897 957324
126070 258810
578905 700089
916904 478150
668194 562870
395608 290020
229149 255839
170725 997024
616511 888574
178748 49728
691796 34945
914863 899119
568400 732029
612945 726247
646676 238993
543965 473638
725364 167562
774908 881020
531405 167802
385115 21062
766603 428091
108228 323315
956699 488326
402312 39014
785101 719247
227735 347580
29591 689916
694900 846133
536873 589103
260936 606424
523506 409087
913216 509842
730088 929105
6322 500405
892228 44144
65802 862321
901021 581577
755889 554695
432111 605769
250262 3247
198965 351431
439812 462495
961094 113319
943581 200566
264303 47591
736618 316805
370943 743904
860097 296778
461706 587474
554973 506118
398607 938684
965910 4606
326489 665093
441382 646666
805135 775030
33175 4132
207344 558302
512292 855194
968143 903775
251808 17418
295029 647798
711923 222186
576679 351891
86019 784783
176039 968911
698775 359226
571790 727010
206602 360246
516086 350767
5203 296385
161276 130778
907902 465312
766263 813964
941626 737391
833685 44902
583519 263382
552593 831988
198925 869671
687671 506064
97753 292296
64894 890824
716119 358865
