515380	25103
919727	245951
110960	127921
29681	300508
935557	987030
869221	442103
363363	992954
572797	647809
265633	784141
118485	350380
428078	218722
335128	230153
538724	542683
76292	264351
18487	592937
681894	915569
695670	399613
962888	448244
640648	833141
829024	462225
923557	711253
5	225934
154603	737444
49583	934602
561730	164323
739557	344900
218587	719968
19455	696993
993823	412696
439811	849277
302862	282137
712200	283184
432353	920326
267702	579872
914200	871541
724927	496936
532113	537752
832259	134250
262233	497264
104615	2247
716748	30755
63021	537541
282211	868814
112158	999837
852165	628187
62618	39641
405937	220786
246015	35949
342839	182472
403214	111093
85437	380310
465962	885801
863544	501781
356512	558281
634189	270423
282922	762762
50936	806950
742230	278359
2355	608812
875506	817911
453720	855061
426084	493786
602246	35004
845340	87778
626296	423446
95949	998288
606966	213649
228016	194732
515643	213953
21354	849267
122782	80905
191332	904911
925802	492571
964329	90123
165697	559950
213929	376662
45120	628076
237744	835932
528393	308925
425033	351618
644317	843410
127002	182156
888778	687322
994614	766599
417950	933088
703417	362184
757008	886294
227355	570597
577944	24238
616789	998968
295613	587017
30718	929747
174864	3910
32847	177781
308471	509565
857880	640882
839277	309497
753242	567671
164633	143454
804049	308007
332888	988987
715557	320938
270993	223852
36643	613775
55587	930975
598945	44132
989828	663757
741347	84971
787398	713720
361377	871691
892945	479131
23418	392277
10011	939547
164725	332749
979771	635574
412227	468565
674993	416688
938151	788215
943923	996335
960734	972981
881328	173076
300738	956997
489503	694606
296967	335740
17765	561436
473157	267388
278937	787065
360339	114637
208662	331977
753236	156793
644347	629052
484813	314329
493650	484291
400459	423185
25788	255632
934990	588342
918482	472133
670527	329310
867218	999302
756851	51659
83938	416720
576909	596896
645747	179339
363990	505801
476762	308001
501863	322668
907172	335945
901271	460983
268729	363421
726179	102475
580839	534390
767830	504971
859579	686550
922964	303497
787575	745161
561840	55877
429142	472720
179669	142537
739258	180035
240825	170301
28256	90496
804287	155410
169371	620568
868292	217222
331499	185599
109298	335718
885496	786193
556561	985952
804659	719288
201280	722985
607931	160785
646000	927827
130450	302981
99512	477211
838280	149261
786243	806356
241129	703176
535361	963450
993753	267430
266334	718697
512934	589284
412386	859985
662429	442392
626822	448915
816808	654511
452114	244515
930482	944952
732596	654687
278690	207629
9018	701070
26799	470650
153713	703251
206923	796477
597238	245402
774121	558415
486564	297360
188296	886089
439666	875734
623120	367797
177343	684031
952156	900627
801016	532182
168244	831583
29978	664852
48615	620761
141812	484451
506006	87362
793791	700614
761087	702248
376515	206387
329933	534202
220613	931591
782648	859052
651468	795144
467549	707718
192784	547080
310713	372485
935331	616703
758923	368531
695139	282834
512829	321667
507704	184757
411578	388003
169252	392512
228259	902019
742217	979538
918806	127057
882553	393950
296958	581696
677807	79313
35417	888859
16956	263819
941621	249786
918789	59993
866701	30458
904854	92753
698706	610878
813005	179305
172350	46548
858196	523071
627387	881673
178037	799003
22079	591978
385735	934942
432184	181041
860440	248590
567135	945314
63791	134561
929167	414098
525017	345720
707573	414839
406098	683481
404244	374868
117731	277261
390224	129962
250463	417103
539515	166784
802962	878704
407417	112967
278709	454398
789746	1128
238807	924229
210826	186493
956928	222422
425565	405535
83374	710261
551210	465690
751597	765992
532815	529114
681222	371139
48197	86084
312950	841952
453448	185167
535343	889049
612961	215285
687194	839624
272156	122947
779903	872493
669154	613561
278533	636042
38323	267970
291162	821269
144870	129122
980333	134349
562764	357995
746627	949629
559448	467038
394190	220650
538254	157680
618713	686015
303432	265014
318729	705005
5124	605449
589365	15265
212836	593254
538117	520420
552225	873126
596019	848717
17285	632768
134154	935268
314794	158583
266969	584254
597028	916010
926174	445223
33826	536449
347737	905824
268873	398680
322869	189659
270661	795598
81994	715174
921192	422261
214766	935758
794775	108390
679220	922536
26309	237367
649425	459453
846593	210611
79914	287183
786965	548736
408715	466856
15647	265568
201021	462057
981865	622563
239385	772019
966734	455150
974926	295239
143510	924658
775365	223232
204267	138492
547250	332301
896678	536604
627311	644951
4913	213748
631813	566354
859396	515801
206578	419501
391699	968568
304863	101591
394487	599729
89815	97657
511658	36244
153124	376886
391714	175175
307265	250032
767180	770539
972052	93419
699588	995241
401948	419605
783722	478237
756597	738293
214702	100071
320334	685353
919699	62759
521725	549613
594517	425878
229631	640977
701467	994759
845214	980042
209273	907408
797433	272091
568078	345206
674868	419575
491750	493416
751958	399914
431804	387549
68986	489161
160516	361398
477791	358070
192571	113801
155176	218957
885013	111516
696437	237482
850226	997614
728640	261602
826367	175477
493407	24324
752641	531507
538952	318264
4573	863038
908034	380164
505130	481505
411422	750889
592742	801758
399408	597906
465215	357767
320850	48770
813169	59595
296932	958872
598029	872802
793635	925862
483676	74037
239186	266402
257428	842834
622876	805613
904558	678506
462454	802842
248481	439819
491668	920418
517881	804714
669105	499457
35655	620333
851516	849914
963944	246876
342925	959112
290351	689922
453394	155037
671801	241519
250706	684560
343917	142487
216073	448055
703551	29518
26247	117935
986309	292890
90241	173382
127841	256987
118911	479686
847774	721908
963038	751146
586624	5521
949064	457386
251939	656404
326722	660090
329882	554395
571552	652023
574267	164112
871544	924316
815914	766262
318000	721430
994747	507376
753	785361
684686	806972
587526	145195
927524	154079
69123	880256
399108	306038
337768	644680
360579	232251
491685	353455
140378	105197
996376	848385
541902	18116
637482	428800
193433	368497
446334	713699
461633	52468
744618	537197
709898	552687
106326	732125
719316	634641
385691	182244
768475	305379
761694	548507
527360	569571
262408	261923
697169	78803
115537	533135
329550	423541
909639	535349
997204	243287
787508	665440
550009	381524
987864	90592
716605	617609
209804	562618
764782	20052
189676	434313
274265	377676
836383	542238
904990	709416
499885	469586
326449	355810
949311	706963
542339	439875
450032	489982
984932	84301
222375	826965
910068	982951
908014	412506
220897	739642
340178	986534
392501	26008
779222	250194
636115	906361
493782	537992
914541	711635
108179	890550
115171	100150
669217	602893
444505	998594
425954	129132
311084	368750
17544	678812
333137	2030
154457	116104
367235	670427
953232	890435
257393	397741
883127	604265
569825	230539
849685	264751
248093	965949
885704	99331
866749	823628
45520	427712
497453	44378
355501	919006
845498	778005
272238	488688
394318	650714
154171	822623
228877	585588
298816	351878
214963	328485
608373	735157
728670	728367
78300	181698
562341	453006
541908	328002
335414	828325
158559	865425
852078	721774
118429	608675
278155	147451
417241	780300
336732	237833
693216	272772
501895	677533
231292	809304
879760	18239
118370	84893
776011	96540
716125	60143
661360	68774
425838	203589
196500	748289
566263	75263
215677	171056
424456	992710
443547	783856
177148	786883
52666	453311
655166	137356
139637	143814
243307	911579
415328	800178
456364	552594
811065	51849
966729	77695
303265	479776
887861	372334
692257	571412
704133	281195
836641	548036
26692	567524
992655	93937
387491	661725
858902	389163
581615	576823
211448	397493
993514	942284
679746	857908
975985	366676
975949	713395
220341	468975
485923	559251
107132	70191
206663	627757
31418	166580
755100	439946
160277	926286
517304	795134
103334	254374
609659	135622
286797	915472
339151	823785
63923	220571
268818	726190
728740	300309
857176	429794
806754	844403
226527	667726
191134	339726
668303	847275
537815	813661
617527	29650
409758	643145
785719	450850
46798	202759
729727	451618
393055	285811
585632	596565
39445	674430
260004	286789
490435	742282
15701	921621
984295	14109
404103	473905
689546	699823
352908	498656
919903	586564
594567	669591
301309	154560
26644	799024
858516	804721
269597	789640
66056	26196
378925	175822
387881	20116
475750	357290
517473	965142
33764	763684
474855	632596
421805	305039
701406	431425
594272	208002
357486	116833
911303	207952
857172	559902
834563	13425
392485	864284
353210	548471
672503	719995
385998	317539
924570	283446
814235	855566
276127	825617
421969	261263
246498	840171
764927	618224
614591	379990
295187	671833
418755	973374
190679	458720
994981	614899
221100	715706
135735	927713
78785	121939
610154	252906
541878	624569
274070	595546
891406	297794
663555	799529
786026	666684
800855	708404
550758	693481
630849	294907
818640	439722
758756	226333
893844	179803
957620	978017
290234	485213
928097	893611
520945	211507
8639	821409
385386	291111
814412	175705
853112	407698
507852	628412
162302	534880
39825	730678
543409	100621
172517	481769
134121	152721
410299	907886
367078	708208
153805	474109
945050	574819
492875	334078
470370	410894
451637	633928
282261	966874
637488	575854
875600	165841
792643	102210
535146	405660
454534	327146
140807	904888
457865	834382
270104	637488
582829	152915
567796	53394
548241	221015
507310	344433
959409	656730
975637	919780
447542	869201
912609	625397
799628	891721
841324	821136
52717	705771
327275	906505
983713	369640
899346	503896
148411	25856
384248	390917
483512	408250
745055	275571
54448	616307
510682	892906
409393	317136
290039	831587
752668	253491
340206	170170
574008	831036
947901	643498
279964	485647
804290	92914
618538	69720
179547	841753
317933	341306
513244	664351
29555	497372
487468	605767
257269	183293
368346	128044
780940	671291
450555	150099
969885	388275
892487	925471
672561	74032
219115	220392
827975	325251
766095	509656
244162	128762
696361	523672
479791	52294
229328	310236
840835	568412
676750	400348
282427	483410
150223	256347
12743	525357
9559	84739
457903	1837
314911	597703
777117	720616
269424	974520
554242	886447
162040	808901
557292	705407
739300	546730
425842	445533
607716	814604
381145	741697
855646	337271
930593	691826
382872	417350
984491	51459
153354	500480
661327	985860
892592	718411
569122	555303
70438	540919
271435	709214
494977	61833
65349	246788
161114	151377
681516	896990
475806	172631
271588	250563
618272	336144
958390	830755
481215	312438
474234	643358
82523	883870
268363	518878
958756	321664
387821	167806
717386	419661
709859	702147
898916	793061
295862	211489
28965	287115
734267	852323
782259	517799
619480	716560
255304	497766
837318	336104
885622	73222
318731	559546
992456	5205
655529	502071
964818	102223
21646	531136
695589	255139
614741	465534
42130	228273
468525	407733
741002	822970
186742	819295
547306	748566
206732	619153
851818	794010
41332	409112
195266	344672
380496	886993
189883	879079
546429	245225
914360	873269
63811	898347
864136	887627
928795	813979
485555	673066
964697	418012
351879	819592
773750	772457
276065	122577
674985	238521
858213	582185
472219	511725
741741	181756
728676	254347
264659	822493
386972	746207
870118	408753
75131	685114
243665	363091
902103	71051
199330	202424
472178	492799
909969	480698
223111	160180
849163	200131
528102	825376
909142	163238
819492	804398
216581	851086
491612	453236
41040	673964
27930	269926
413364	229866
842572	993578
867349	529980
123381	444803
588308	214639
505628	815733
325557	957291
733540	487723
582945	636236
764420	438218
992031	352989
947706	944318
310133	487196
517347	129465
93162	53976
889537	291137
106743	224580
387717	326407
101840	690743
23372	60468
289583	210436
565214	501758
867619	551894
347462	527097
914153	117489
546844	273688
306720	198011
442975	330940
899740	510111
178149	37733
345243	15229
523530	51804
52235	255779
759821	466805
46415	544820
109917	871312
327056	729841
204257	661819
220451	632863
93985	413769
652548	896295
603993	9936
187618	666338
610910	588708
878353	145366
182845	887568
724195	152024
502600	567920
78952	461219
270210	970599
570446	346903
531278	405007
814062	119584
8993	627888
405362	2874
868190	983413
867263	29742
563562	241454
883512	541453
228619	489056
149821	96419
824772	639423
445732	962557
544696	974091
232782	40571
140432	875420
956820	982795
450631	164033
127728	226027
691108	294776
185555	665269
790407	250536
508711	526624
688238	550211
66506	240282
245096	326558
249936	943782
116836	59893
515760	928
484998	184834
789252	734869
854065	477557
956233	300772
924111	816351
204589	514881
789908	460246
632170	978489
754507	56318
592498	910272
615540	425295
465677	123350
11838	118590
750574	287901
853600	902691
56242	994759
901668	430
207292	276826
980510	260064
793652	118569
521267	261966
451486	354353
20418	605928
295848	949663
238096	724781
875277	847947
74745	248380
292971	228425
979197	257887
49743	754892
562730	81886
227237	510128
42226	387365
743924	608255
593181	986571
834591	868957
506082	66272
310112	298951
568403	331201
372568	436171
718137	844673
286825	280453
861468	699871
190428	175083
286390	435513
997179	406364
167076	357402
954618	563181
67476	586920
337649	48499
595685	790597
882257	800716
66510	404434
500453	24694
255606	504134
574354	930799
49143	299825
573185	583961
692135	22435
164994	156577
788901	380103
86814	201034
183075	61135
617453	708315
302891	301906
364506	223113
531034	531851
484558	410416
389656	50339
791263	551694
228458	560072
323115	858368
845277	716078
603760	572769
3946	310917
585087	687839
996981	813950
377895	962676
458265	927143
816844	132898
378412	57536
582159	867792
592335	76256
624348	978434
133028	948597
634951	738711
552692	701614
212645	713645
154537	392043
87752	172541
547050	431047
