1 1
1000000 1000000
325 472
252 912
448 569
586 792
249 944
508 841
145 647
27 375
370 781
65 387
740 840
746 895
553 879
129 207
258 650
337 587
43 469
434 946
449 832
6 727
91 957
596 691
230 396
532 767
78 149
355 505
234 264
103 454
22 894
182 568
484 875
350 804
774 926
514 673
102 757
784 954
755 819
67 930
371 842
414 878
60 729
322 647
115 444
510 946
347 910
629 783
882 925
51 58
436 827
361 600
684 836
306 656
391 986
272 530
286 682
374 680
251 486
113 911
216 683
103 227
313 326
410 697
225 803
51 784
715 839
254 864
96 511
433 979
653 885
547 776
192 500
360 784
367 785
435 966
683 809
96 913
514 750
763 976
476 570
421 713
718 791
53 198
492 614
484 924
520 744
359 378
433 696
738 895
875 929
982 993
251 650
402 966
438 644
629 721
436 695
49 181
108 275
327 881
449 463
422 607
95 293
105 987
406 920
124 864
578 969
11 317
507 521
371 744
193 206
770 942
543 903
406 723
237 557
293 733
301 698
617 668
141 480
579 898
374 735
565 889
312 838
139 783
712 963
127 935
271 821
892 904
590 728
60 356
21 447
53 935
22 483
62 498
336 797
31 395
158 630
403 774
822 887
182 404
964 971
186 316
579 889
786 792
350 700
64 316
13 400
35 962
725 921
451 681
67 224
75 458
53 511
222 485
77 523
185 747
184 675
791 982
588 969
76 972
129 706
6 918
773 801
627 916
557 586
366 980
393 684
444 737
54 334
338 381
342 991
257 576
548 569
110 587
205 658
638 666
469 723
33 431
302 657
10 388
189 404
33 378
55 438
182 708
93 216
422 788
215 425
271 715
547 939
365 551
259 897
353 936
102 597
77 643
286 489
122 563
435 923
302 689
122 874
375 710
408 670
629 953
51 690
249 627
113 917
553 893
11 391
159 811
395 718
213 872
480 984
9 419
539 795
78 574
140 892
119 646
186 999
558 755
946 987
143 252
394 809
306 643
244 805
256 862
26 363
426 939
421 723
55 873
247 337
526 693
810 976
169 953
514 649
13 496
112 234
106 419
230 579
157 381
147 952
549 550
85 120
14 189
21 754
342 496
381 489
132 865
161 688
169 667
10 365
607 738
136 987
224 234
255 701
38 64
137 845
44 108
481 946
79 332
875 932
521 856
94 640
149 436
340 354
476 895
117 422
116 377
681 814
469 622
2 292
304 688
65 298
256 967
387 769
624 953
80 734
503 821
669 708
450 836
157 492
557 859
554 831
417 512
481 910
136 670
335 873
256 984
646 916
381 827
26 41
337 344
94 255
199 839
950 952
670 961
201 655
514 584
187 275
141 392
652 814
31 94
342 801
170 892
41 209
178 398
726 768
742 801
251 400
81 382
261 681
475 543
568 767
135 489
198 583
192 882
141 829
616 654
241 369
245 766
697 906
10 868
338 503
60 806
174 785
343 610
36 201
465 770
360 412
417 427
252 915
423 830
2 218
48 507
186 291
286 537
678 745
93 805
15 544
131 228
338 469
147 499
35 386
362 914
614 648
798 950
142 294
37 262
95 293
220 659
245 385
182 678
250 394
132 655
344 385
200 461
328 622
802 828
343 799
271 636
363 969
388 873
12 341
141 945
332 468
127 330
292 625
449 666
247 434
86 900
598 970
15 74
160 604
698 951
225 847
285 699
516 875
54 256
29 82
218 665
363 867
21 741
611 911
70 270
294 626
31 813
157 957
289 773
677 980
135 543
480 798
85 814
57 383
46 609
537 691
415 630
258 718
426 623
847 935
240 374
775 842
187 672
17 287
367 612
380 962
400 462
324 946
348 679
245 449
267 615
174 780
906 953
634 763
43 989
276 419
70 301
243 551
716 772
439 940
640 663
69 629
783 930
288 311
405 420
628 765
243 699
104 240
52 944
268 961
179 218
75 836
25 423
540 809
324 740
123 600
594 873
9 187
344 455
173 222
937 939
295 570
145 225
290 732
132 308
560 904
459 535
798 864
52 964
293 460
345 556
296 446
595 908
82 300
277 770
205 564
292 482
748 803
549 561
217 979
60 485
292 619
345 811
4 278
459 654
452 906
214 513
11 467
233 729
268 531
653 829
49 840
146 562
107 159
20 175
137 994
546 890
535 762
287 598
682 690
330 729
541 943
239 582
71 698
80 652
803 932
777 911
426 610
295 954
59 606
272 505
429 853
281 291
39 407
185 388
229 975
508 684
9 635
640 873
329 432
492 667
307 996
553 743
88 880
675 872
294 728
471440 606664
403610 586743
864189 924675
505344 831062
202639 271405
340336 486379
746910 749904
482234 924298
683546 965159
588044 802609
513129 722985
429882 478212
101065 127378
362005 929866
424164 720127
230893 368883
65934 478362
950475 999852
201422 393529
568658 876360
118501 306124
812728 972239
293972 894394
505582 784240
75649 846061
94261 419176
13265 651682
588643 738769
485241 678471
840615 899625
119325 714500
556274 969591
70570 356622
419041 694886
205875 960119
316733 485275
909549 923040
280650 859497
672890 757270
771212 810974
554768 655064
235522 911375
51328 463549
208516 579085
119177 659280
164360 708836
851820 985824
389724 925169
295060 409996
691485 870458
153469 339843
115133 997933
133090 649350
8142 795174
631159 677395
116534 468104
488539 835050
268339 306239
301515 987324
465186 943243
35791 528237
716125 728300
408561 784205
854936 861455
97621 570788
673818 728292
234230 694444
719858 807284
228336 323305
128404 576784
52851 54628
357137 475938
757417 952055
136558 416104
242756 861540
474692 794524
176006 367548
56904 435704
99613 885743
346352 720478
623321 719171
140336 804454
22228 384596
86536 484254
9292 125420
574934 914819
132060 148978
213185 820577
403097 842103
340904 503343
58112 978296
142812 146728
245850 549480
232016 755418
75756 158245
673208 870050
65780 555115
412277 443457
590601 931425
417638 653980
89315 322045
325596 596049
293822 566344
77099 268855
253295 423996
14037 236472
430526 822739
777581 873984
751080 774509
649254 772471
111530 484472
465420 589528
601979 795807
475367 908688
102816 133791
654739 972093
600580 685089
106152 489743
25481 274767
135409 876250
431704 857908
359848 608486
813457 868088
170690 495220
594777 644922
577089 641779
504238 588716
17550 369972
714250 860573
577654 760697
190038 671722
356563 835159
206458 295591
237392 451072
344551 705652
66045 913656
215664 998554
79702 430557
586283 623246
326485 950753
706884 723152
642037 699023
734396 859540
21994 315940
173596 958463
289368 495840
526654 823559
589992 845247
49731 768041
490108 708370
309452 736733
668755 724517
300915 606857
102291 495746
441435 946397
714513 717108
587663 709216
66740 424115
236311 434499
137647 898864
561618 864767
287129 659663
219119 478519
158587 220452
110095 807566
93130 785281
298176 824792
891802 951059
64726 885414
285369 620562
5076 466187
196614 436086
257759 309981
576290 741010
354181 406031
494295 576245
180824 922183
58526 213243
723881 997456
920810 980927
357171 393627
630827 672306
504135 616889
557564 703086
11284 637515
312677 530376
409985 810054
469821 922485
95865 737500
12276 719439
338696 555146
199602 300990
507578 661476
54360 200010
457975 973346
833778 980270
76930 401619
24618 209844
126567 980948
716016 766169
874627 934204
558251 725289
30150 299391
291345 513134
96736 369072
55246 303645
289354 700837
16729 694343
76634 865227
633625 793154
421350 840950
228580 734070
325584 617146
375739 559530
834082 909821
135305 183384
545463 763262
575406 694952
597737 668874
27886 953357
252910 734872
688181 827986
122528 722849
59224 257823
176352 754094
223722 941363
226105 770082
332692 990490
277012 533490
858745 953041
758664 878013
474458 502065
717587 764418
105554 979642
86468 582501
295071 898463
265446 438505
332389 511879
822588 830116
792310 982163
689976 705463
930661 992602
216848 714207
170868 434754
255611 656742
866849 909701
720968 728188
98713 372229
714626 982523
330877 542867
694249 907862
105831 800762
164685 455285
124719 694149
766974 839911
378067 668638
541499 889382
297282 310487
348635 908306
281592 698002
202816 479155
160031 844913
186963 325795
591161 599608
227020 352755
833168 869286
577119 965741
129256 260435
778577 844903
507839 667702
284414 628651
72540 934571
710846 974013
312222 388069
718322 959805
15086 68050
271359 837972
190753 417854
505845 693499
25665 242397
307072 577015
78824 477426
675141 832676
148060 686728
339958 776402
120223 964395
27133 297412
414256 483697
162965 569857
126451 845602
356520 983845
462007 467386
187468 411983
391034 566131
305365 840504
71825 765226
389254 780854
583365 700684
358156 648418
166602 268457
100555 612161
35494 622177
302864 723959
312832 761625
464318 887052
443204 666596
325726 613441
174428 758810
290341 413754
318962 695968
686197 782830
327813 802974
427453 473767
603437 979911
599480 671163
479634 656241
585189 835637
381283 469797
615810 885457
367575 372143
572109 963809
42652 243510
128768 873467
470900 717746
672200 890741
511158 912878
231388 437296
72465 107162
687585 823466
360205 892559
20492 57730
724199 974274
497366 589684
507399 579356
137293 721713
99999 283040
876311 902276
330925 859841
71019 510866
77478 631923
464889 621966
196252 661025
748101 773208
399026 719483
48400 391284
499282 664206
207885 777613
95805 889346
174313 985869
305278 611825
150726 494295
476774 895865
121264 256122
29620 41500
9476 14005
839885 917146
776091 885246
46852 364848
883457 942254
205003 923764
170365 805359
521871 911433
201006 920063
665608 891540
289155 781424
123078 604224
105920 810313
730270 972445
623594 898373
250424 885723
172666 840400
217651 783606
59610 336240
702916 758301
631041 795164
149113 486786
151549 465179
13366 757095
583291 836326
109852 998652
508146 781355
420714 577430
751745 841820
117245 744944
684891 856619
128373 390170
486003 992978
307027 656866
62880 830417
443460 949912
2475 700049
422394 588671
330426 486823
612447 989414
665542 687749
259022 659261
745624 963248
849152 985971
425890 505483
121494 219958
530352 784343
236501 912326
722256 788790
390854 773599
21503 92967
613417 930069
312851 507985
70039 360376
475047 714807
337923 967783
414497 785956
197809 202589
627679 655344
353324 475852
700528 847779
13053 862195
449777 842966
47136 493934
616396 648149
334011 346005
436897 809378
109846 903111
321762 678796
391613 657242
271024 339064
457138 771312
695935 985385
275160 978399
649012 989011
574869 608787
239130 820045
271083 823558
906723 908669
116044 439670
92811 272613
169036 623298
26972 187010
23472 406755
99590 828204
728464 857880
80577 144789
915159 989169
65120 680297
854457 912871
40259 124744
290009 497409
516532 915213
252869 342114
40602 64720
83710 670225
337552 446394
116148 933059
284929 716111
365085 452826
79749 170242
240998 987636
282282 699991
939541 988828
329976 879627
824903 844889
25822 251475
335493 735009
5542 775506
650044 959151
752064 992765
182954 251809
70049 655848
493400 534156
386122 619238
3897 13160
208236 590746
562040 960269
363453 596228
226150 354897
479170 970602
230839 802392
712583 988043
780880 828820
82013 421063
140087 335581
406425 653464
684385 808302
724803 751104
649245 697999
278431 499577
886009 946033
447029 768338
350463 364610
413366 741496
350574 821250
743571 846731
133243 391946
493709 688120
135523 642825
520873 710646
97065 784848
225847 826022
438784 872052
511262 714354
176357 341057
461151 533438
