1418 2194
2661 5856
6683 8693
3011 2619
2046 7695
2182 6452
1117 5450
5584 9376
2395 4581
1054 8091
5394 8082
7024 3936
4553 605
9522 8585
6938 8657
6715 9247
3100 4168
5194 3305
460 7814
9173 2499
5098 9481
2334 1075
951 3297
2200 593
5042 3757
8598 6533
3621 7667
1001 8266
6860 3842
4408 4464
9094 8813
9730 642
7513 2148
2653 4121
4683 9409
4399 4446
9283 4284
8913 4035
5083 3935
3595 4665
305 3261
4911 327
8262 4410
5958 5882
5422 7649
373 4023
4920 8454
5855 78
1932 3586
1007 5385
2294 5825
1205 5121
7294 3001
2781 5769
5652 2059
9893 736
8364 2947
5211 4
3298 343
3721 1183
4240 3428
8841 4820
3389 5255
1346 6426
7266 3587
4616 1312
3405 4512
4140 6027
9295 8662
5348 1968
5583 7343
1425 2551
2746 2572
1957 5248
4132 633
4031 3708
8563 3524
9699 3244
2560 6470
7611 5017
5610 2525
2061 404
1922 7217
9670 7233
8603 7181
2532 3852
3316 6756
6743 5304
4125 5664
6932 8298
445 9024
681 8109
6817 8231
1506 1047
566 7486
5476 742
291 6176
4469 5113
4646 1665
8575 3591
9856 605
1208 960
49 9375
3137 4979
6618 5903
5818 9859
1562 5775
161 6620
5023 5290
4194 4373
9100 2898
1951 3643
8417 8346
6350 3998
2890 5758
843 3459
9691 2872
8167 6430
9470 3700
9656 202
6587 5998
5280 7507
4313 8100
2802 4027
3725 1896
4278 5299
9405 65
9501 7014
5927 5991
8919 6383
6588 4256
3058 9922
9914 8056
1571 4782
9994 7467
2624 6581
3936 9064
2547 6602
3390 3104
6416 5144
7410 9193
2554 5861
755 5180
7813 7990
5139 6853
5934 9515
908 7971
8295 4511
3175 1124
4905 2201
9501 9966
3655 3555
5908 2498
7486 3693
4212 3229
2440 4775
6436 9283
4312 4589
1444 1831
8060 649
4799 9578
2023 8221
5361 5459
8514 3424
1145 1187
3438 9322
2571 6851
174 3739
3390 4356
7191 2428
8286 4189
4579 192
1453 4722
2035 5543
2272 2068
9673 1606
2632 6351
3511 7071
5415 7201
9451 6249
5186 7249
3171 6514
222 7458
8435 4769
9705 2230
3054 1959
1069 5408
9947 6102
329 527
607 9845
2531 9967
9606 8105
385 8018
1754 5028
6605 2301
8009 7181
9524 6463
2296 1658
2143 4618
9035 3650
1914 4627
351 7854
2326 2966
2712 2121
7570 8674
5019 9709
8493 7691
4104 8619
1383 1713
8969 2616
1143 7672
2154 8745
6929 4880
5152 437
1432 6970
4933 3598
4616 4842
322 5504
8995 5030
234 2739
6248 5103
570 4979
4394 4060
2971 5947
572 988
6561 1570
7031 9723
3305 8019
6882 702
8677 9113
1835 3778
1970 3388
6244 7339
4747 6028
546 9801
1715 9798
2424 9217
5576 2158
5921 5611
6338 2802
7073 8437
5958 6997
9674 8553
1229 5348
6252 36
1366 9814
7478 2245
1883 9200
7865 6625
3030 4688
6843 5947
9334 7455
2069 5887
6575 5946
6198 166
3930 9915
9224 825
1934 2037
5987 4639
1428 5572
2469 5142
4724 8318
5106 7327
7827 8964
4480 8629
1777 1789
8508 5550
1893 9661
491 9951
6028 3268
4276 2892
6832 6627
2137 6714
8446 5018
1009 8022
5041 1741
9200 5187
7221 4332
8819 4045
2386 9205
8821 4577
6877 6096
9776 9536
961 123
4258 3219
2528 9810
6113 4871
1761 3985
7740 6589
6961 9112
7016 2
1228 1340
4519 9498
750 4279
7307 2305
8098 4391
7651 7370
8082 733
3862 5624
9513 4781
5619 3972
3505 9052
8065 4159
7828 337
7331 5486
7286 4502
5128 7325
2065 5008
1584 3312
9579 6580
3588 4207
467 8774
562 463
6086 1598
822 8757
3077 6778
9434 8966
429 3801
2872 9354
5809 9430
6621 8122
898 3029
9423 8869
9940 7757
1810 6028
1805 9436
7243 3862
3483 744
1276 9237
2108 8270
7910 4049
3373 3927
2592 7932
6516 224
8140 5660
9913 1002
3290 6513
6775 5358
3549 4839
7441 2695
541 1962
3315 1112
9154 9708
7640 9664
1439 4881
9967 7415
2443 2218
4454 8686
5937 583
6934 4382
7334 3449
2047 3883
7029 113
9725 633
9834 8455
9750 7246
5228 3595
4235 2724
8739 9319
451 5225
6926 765
667 8695
7164 7531
1357 626
8692 6106
1506 1261
3259 9330
8587 1585
2093 8431
1218 8638
898 138
9539 1872
6098 7326
7886 3514
3687 6726
9469 9288
6635 1322
9476 3177
8097 8239
1234 1403
5383 5177
9918 6309
4049 9709
9641 401
2350 6163
2713 4451
3761 4204
4357 1290
9330 1728
2243 8640
2197 2229
7803 227
3789 3417
5503 4241
4915 9518
7004 2227
5262 4450
9421 9466
1653 6855
822 1
8826 817
1490 5606
6463 8051
6525 8196
2731 8292
3887 9459
7715 4708
2133 9780
9732 232
3782 988
3796 8909
3491 3835
4231 3569
5038 1697
2820 7466
7511 6526
9759 2842
8982 1747
7163 3848
5531 9487
3905 4686
4459 6304
6165 6442
3233 2390
231 7640
9851 4148
2789 4259
6067 8961
9267 4665
2269 4028
2586 3730
1626 8185
3143 8252
1601 6791
5763 2726
2919 4976
931 505
9617 3775
5692 423
8985 7056
4270 3079
6829 4489
9672 4156
1797 7306
5344 4358
2295 9078
262 6895
891 3349
1780 3756
4071 3585
8008 1468
9682 8618
5535 5522
493 8518
8894 167
9897 1671
5355 6934
5000 3724
2315 872
3078 3008
4859 8261
9684 5089
7917 3327
603 1148
827 4382
5255 1061
2107 1696
6158 2229
8765 439
7642 9507
7559 2033
7119 9876
5310 6409
3893 7920
1540 5802
3784 4615
9554 7979
2595 2465
1369 3078
7898 4569
7848 3606
6490 3896
7838 1561
4417 1706
9162 141
7504 832
9903 33
2964 401
572 1908
6859 3406
6483 7403
7907 7555
4939 616
5485 2801
3665 952
8519 6046
5358 5979
2413 4675
8160 9934
3161 5749
3439 9448
1354 6977
305 3151
3926 8910
997 5912
8153 5181
2457 1632
702 9105
7219 771
4313 417
1074 64
6086 5560
5875 2254
4292 8538
3328 3096
5107 7080
9648 1366
6761 607
1543 5154
6192 2350
1154 4351
2514 7824
1310 4888
2327 5863
2716 5043
4244 6393
1569 7910
3862 1235
9469 7010
5858 352
7500 3925
6890 6166
2860 7839
1538 2849
9530 6906
3664 5794
4125 485
7245 8897
4288 9451
3988 3718
9792 9035
9857 5099
5813 4931
9018 2432
3808 8783
1631 4357
7851 3584
1446 7438
3336 3001
203 6076
554 1188
8478 1789
7803 1283
6794 4862
7399 1420
6577 322
3274 6851
7845 3232
649 5571
9405 5343
6712 2691
7755 6333
6185 5718
2912 8012
7200 8927
2930 9190
1010 4
4016 2200
3693 6295
9832 9480
9269 1152
1822 62
1378 3100
2227 1344
5084 1851
2820 1091
1196 5560
5325 8251
3042 3135
4015 8908
9615 3889
7006 5405
9636 4403
430 2554
8211 9030
8835 4724
1506 6205
5922 1525
5133 7403
2047 7883
8775 9426
8770 6322
3022 3555
6216 5439
4314 6999
5964 8777
455 3102
784 2531
2254 6789
2653 8892
6477 837
2161 4187
1564 6774
5696 7474
301 1384
1581 5719
3015 6153
2747 6304
748 2300
1417 6233
355 8520
844 112
2481 1981
141 5758
9002 5737
923 7106
8622 7277
8636 8991
8099 3630
7218 7317
1809 8185
3045 1178
4222 3154
2988 519
8276 9513
1858 4140
7590 3144
6510 7978
2013 1890
7431 2936
4073 3309
3796 4793
8581 7002
4628 6191
8834 8565
6970 2080
663 4456
1796 5581
9922 8381
9748 762
9900 127
1742 2493
2631 7240
3976 1227
2102 8394
2940 2360
7949 4864
3666 5595
5397 3134
3630 9688
920 7323
5474 1871
3381 4866
4037 9270
7238 2681
7063 1735
7856 3918
4372 1611
8883 7291
7310 6220
8209 2013
8842 3055
2138 1376
4781 6046
7011 7137
8340 3635
3797 5047
3441 5858
3909 9098
7027 8147
3874 8361
7023 4142
2373 5635
485 8459
5658 1582
6027 3049
6376 1473
5655 7556
6414 4250
3762 4920
6573 5199
5241 8345
4553 4214
411 4738
8050 1358
1781 2703
1603 249
6535 286
4215 7624
9079 8800
9789 4392
9979 4255
3896 9456
1193 7195
8546 2630
2619 5074
1229 7107
1679 8701
5788 5077
5899 5704
387 2371
8277 9553
2253 9263
6592 2166
9738 4955
745 1862
9734 2683
6750 6054
2496 856
2024 9878
6540 3222
4271 7797
3429 7621
5446 5060
5977 8601
3031 9920
3704 3884
3162 5469
6193 8470
4041 2069
8434 3051
3496 7488
2197 5286
1549 2049
4002 3527
7425 377
3376 2601
560 9649
4720 358
6860 6667
2326 1909
4695 2489
913 5671
9954 3914
3319 1659
5851 5669
2981 7813
1099 5798
1230 4594
9600 9461
8516 1538
5833 3103
4240 2029
2772 1815
2046 4160
3342 7560
6139 6212
2175 4925
9476 5034
1751 4074
6542 4395
5878 7621
1790 8248
3900 9349
9850 752
1035 7842
5091 921
3806 7401
6261 4770
4654 1946
6551 1980
6500 4976
674 7258
6300 125
8332 8801
6434 2392
7772 7592
4138 9658
4059 1594
2161 7790
4149 8342
8289 297
4905 7927
7475 5320
753 5901
7929 8505
4871 2252
1704 264
1508 8264
1085 9835
7314 7833
4371 6599
6407 3573
8568 1186
7315 952
1886 5019
9905 5579
5991 7209
6932 9778
6497 1908
7943 4633
315 7613
2938 2770
174 2291
9399 5360
9870 4626
9081 4023
8625 2253
315 4635
9297 2377
74675 54066
31498 88466
16941 59920
33569 24547
61185 79138
5157 79869
42132 91158
60455 23956
22767 70678
35501 33475
56431 55278
39681 63616
35355 97986
76554 17638
93244 41144
54147 97703
13578 26570
9326 31506
45007 26233
90813 21280
40564 37513
81111 54421
18366 37632
88830 48282
88049 32924
9821 75623
99407 70384
38052 31715
47516 1267
5281 59341
12114 99519
42367 43650
18039 41425
84460 25338
78289 47098
87304 57595
21562 69303
82573 50000
12107 90591
76378 813
41297 55822
87029 18035
7537 23930
25618 69182
3959 70102
46152 79873
1810 7552
30730 22146
51521 26698
29649 94833
23148 68762
46354 374
73219 60685
42771 65148
55960 38757
41864 33664
93485 79439
21115 90912
81696 37624
23169 31704
36527 64936
58031 1034
78572 43645
34955 75247
13253 25402
41575 40286
88373 8240
82840 50288
1243 20127
2969 17505
83518 2875
39885 92819
13469 6296
3525 45039
92614 9260
26905 36735
76477 81642
11971 24514
67686 89169
81059 82479
63719 21760
49148 58998
1292 95207
52140 28998
54748 35910
2020 96644
26723 8854
91043 36586
15980 90139
33962 35877
59497 17117
19859 13195
23717 71538
43264 47225
63344 64109
98029 41797
75143 92478
46814 91857
48890 38892
24048 91364
58 59
91 42
39 86
38 80
75 50
17 33
54 50
9 77
42 87
29 2
14 88
36 76
7 84
53 95
44 20
82 63
68 9
73 46
39 90
22 59
60 8
79 53
28 59
84 27
74 49
88 22
30 65
7 62
7 9
93 36
17 8
46 1
52 10
66 79
90 51
94 32
2 54
22 20
66 41
7 77
93 46
11 31
23 93
55 89
34 82
8 17
28 1
23 84
3 43
95 49
90 47
40 89
79 35
84 48
70 40
24 97
64 52
11 61
60 6
49 38
14 62
86 17
17 96
79 21
62 35
5 72
98 2
38 4
30 66
46 54
54 77
98 96
46 69
1 89
53 24
96 89
8 30
26 70
58 79
40 91
79 59
1 78
82 9
40 96
93 74
41 85
80 7
72 14
4 3
93 7
68 49
91 51
21 97
13 57
61 41
16 4
98 74
13 39
87 77
71 26
66 56
11 85
7 94
58 52
56 54
31 6
56 68
77 16
21 21
34 27
82 20
46 90
55 78
84 24
37 8
68 16
100 71
70 74
72 18
44 21
45 37
37 98
19 94
44 46
90 65
5 48
64 72
78 9
21 89
86 70
56 91
28 90
6 54
3 57
94 4
35 14
29 28
92 51
89 23
43 71
4 70
35 73
7 56
62 89
48 59
59 93
15 25
92 45
98 53
87 62
99 78
9 10
3 35
36 57
43 22
29 28
30 57
6 41
56 56
78 87
58 99
75 11
2 72
47 43
51 93
34 94
79 42
11 93
41 89
97 24
33 38
32 8
51 54
79 98
17 22
85 79
46 42
29 97
25 24
60 30
95 69
66 23
67 85
54 8
68 69
42 86
50 34
45 48
18 47
34 40
99 35
90 71
14 24
54 59
30 5
30 80
22 51
8 93
40 5
67 31
51 44
51 49
6 52
43 25
26 54
22 89
82 2
54 36
27 89
57 40
47 94
72 60
27 32
10 52
52 68
48 70
23 43
25 51
47 94
28 96
12 32
51 87
5 69
11 74
92 25
86 49
69 72
16 30
73 86
90 15
81 88
53 92
20 52
9 60
82 37
94 51
83 96
96 19
82 66
17 3
71 20
22 12
41 94
44 54
74 59
10 50
14 29
8 69
59 32
45 79
51 67
23 93
67 74
28 58
48 72
27 70
5 45
87 49
89 92
40 49
12 82
67 78
48 33
46 56
23 65
49 96
4 38
98 44
84 87
75 38
18 10
92 86
79 60
91 79
66 91
73 53
74 12
17 19
16 80
67 86
89 24
13 43
11 61
50 77
51 41
6 50
83 60
82 91
95 49
91 47
20 62
100 13
14 90
18 43
45 62
25 3
67 66
32 90
99 11
21 73
