1164 8217
6134 2983
9415 3484
5040 8934
9746 6096
4756 6050
3589 9283
7109 6972
3517 8026
6794 6444
7139 2063
6973 848
2544 5741
506 5216
5240 3186
3217 6403
2985 933
968 2401
5999 6008
2917 5745
3686 9254
3377 7274
8537 486
5829 2054
95 4205
80 7233
6267 7053
8080 8811
4376 169
5609 1199
4936 8825
7601 7920
1340 152
1903 7338
7741 6402
4665 1427
5656 8041
283 5776
110 7693
9411 204
1898 9491
7436 8165
8126 7099
8558 4084
7267 4167
5282 3785
4574 4466
3287 5913
4617 5190
3252 3940
3174 7916
6948 8829
7540 7230
6187 7649
6506 5599
7852 9985
6672 6870
8150 4798
3969 8290
8881 2818
2457 5746
6602 7030
212 9889
4526 6410
6661 9359
350 9834
8857 7297
246 6397
6109 6433
5628 4197
3614 3480
4183 286
1933 3915
6665 5901
2206 7128
8719 6244
2874 6903
4857 4667
6792 965
1077 3453
324 3008
4869 9180
305 5115
7160 7996
3130 2788
2193 6743
7850 7957
8610 9782
1873 6857
7265 5660
3985 7566
3486 8441
4470 8342
3108 2844
9306 4185
7879 1212
7192 2748
393 9079
9444 9134
8657 4156
3504 2432
2481 2936
390 1091
4300 2262
9529 1566
9503 3515
714 2989
3538 6765
1332 6645
9609 2220
2412 7488
3432 1187
1818 5406
1848 2845
6122 505
7000 9625
2936 9481
4144 3325
2154 8443
7168 1684
1591 8253
6780 2305
1243 318
652 4156
6962 261
6375 957
9330 1389
2143 2731
8376 3990
5575 4498
6076 4157
5706 9011
3638 9849
3919 7374
9874 1087
9057 1466
9340 7419
5352 2165
7736 6003
6320 6280
7846 4277
7236 7176
7248 961
9906 5624
6532 7063
123 2608
1221 7410
1620 6440
7259 5538
3814 7133
8206 4453
181 9128
1872 7114
1293 9607
4700 9194
7470 2546
3472 4706
1304 720
7249 2793
7925 3781
9855 9629
7971 2658
7039 9590
9098 5880
6710 2912
3014 6498
7365 4776
5627 9236
3473 8501
427 8172
7696 7896
718 2750
4184 2021
3469 3015
4813 2976
6796 6251
2606 4767
8908 9644
5939 8006
5525 4231
2501 121
729 1448
6478 6355
2266 9950
4857 2692
8122 4135
2170 422
6884 7936
2443 1935
951 8837
4910 7746
6670 7515
4095 5579
8742 1616
5167 5849
5846 7667
7551 6575
697 5611
4512 2963
5562 951
7236 5266
5085 9406
5688 1969
7342 9712
3903 9874
132 396
9203 6802
7910 3298
3963 8234
6496 712
5665 2342
8379 4798
499 658
410 6593
3620 7553
7543 2439
4401 4211
3427 89
6179 2351
1383 1665
2225 3097
2060 1428
1481 1552
6308 7025
1369 2804
7736 7033
6727 7697
1832 7226
8355 3823
5401 3557
1376 4526
5995 5776
8736 9421
7447 6498
3354 412
8162 5579
5090 1804
7006 6570
4937 3314
5177 6305
6117 2914
4921 2845
611 6752
1653 8965
2157 8635
4105 5114
3161 1682
890 1898
1104 9918
8395 6039
1913 8139
1618 7002
1525 8624
5155 6461
3520 332
2767 9637
4827 7687
4064 5438
6021 7298
5985 9759
5933 90
4873 9093
1772 5762
2573 4457
7263 2550
496 9175
689 3696
7759 3795
2320 4496
257 5839
4828 4605
7058 1237
3874 2704
6674 1477
2 4242
1236 7516
5913 6108
6610 7684
3452 9182
3723 2297
1733 5801
3054 4003
9496 814
9380 3398
6891 1219
819 3301
7405 9459
4538 1279
2163 1212
4337 3747
7035 7154
1263 2949
4844 9454
2215 9877
220 7520
2175 3534
3321 6810
9118 4399
7623 8498
9378 6097
9716 1779
9397 7121
1238 3935
9981 3401
6729 5900
8729 3764
3054 9991
6712 7897
9446 8927
9357 9665
6447 1532
3199 1350
8341 2317
7330 7547
2398 6708
3644 3696
8486 3041
2400 1307
8558 3963
6289 5287
9863 5018
9050 2917
5009 5763
2397 6037
6272 1754
7284 2719
4867 483
4068 4790
4382 1398
3919 8361
9687 7562
2057 9755
2186 4456
1062 744
8419 7350
6030 9864
2368 6662
4363 8959
2425 6759
4996 8696
95 2281
2997 6543
4345 8646
1334 309
1626 5252
8669 1313
4397 2309
2651 8164
8346 5294
8907 6765
4227 6519
6629 8176
3181 993
7135 7188
9333 3714
7466 1011
7576 2046
7553 1921
692 469
3812 2318
5721 4063
5212 1700
6371 9444
9863 4718
4739 353
3065 8965
8453 1277
8723 3216
3851 5859
404 3184
1155 9452
5776 8730
1498 3330
651 3771
3798 6044
6088 1101
108 2883
4382 6478
2327 4245
2778 8647
6179 5843
9194 4632
7119 7918
7848 970
5359 9833
5735 6513
868 1512
5243 2365
6423 7475
6136 1803
3520 3806
4486 5209
8270 8867
1687 598
4695 6047
827 874
1890 22
7088 591
9521 4936
3142 4880
6351 8876
1393 7219
1970 6635
1166 8392
5692 7301
1778 794
2690 6263
6002 960
5130 7689
3139 1407
5318 3966
2281 7207
5569 9368
9379 5090
5886 2521
1552 3819
2979 2944
1038 4949
1161 2204
4923 6852
1087 6700
7646 3776
4545 3648
6318 1258
2919 9456
2664 8236
5004 6526
7025 2155
5894 7986
8826 3362
507 378
7181 5068
3321 9800
1599 6063
2004 8103
4498 4673
6386 2144
31 931
7373 6348
2188 1875
7387 6434
1693 3973
2960 301
7710 437
8286 6536
3798 376
6914 2561
5443 1817
2362 8623
9462 5947
6726 3960
2202 3112
7685 2233
5625 5058
8580 9394
8514 7549
5828 208
1523 8788
508 815
9224 8793
7350 4604
9168 5846
7165 6193
9245 1109
6398 8707
8637 3125
4249 840
7818 1934
3072 5025
8573 3234
4420 7088
2366 248
7295 5470
9035 9384
6284 9841
8177 3634
4446 8928
1063 3193
6703 308
4301 3102
597 4520
7808 4845
5359 7208
8360 13
2234 6933
4829 6653
4021 7194
6900 2898
2664 7518
2282 8947
7359 2042
4163 3387
2552 5225
6579 837
7114 2462
5520 9292
6982 3328
4137 3923
537 4079
5518 2770
1013 347
1005 6615
7540 9486
9513 204
7004 3377
733 5946
7000 4895
9332 9551
1703 7494
389 8816
9955 7490
8109 8519
819 3828
4025 2937
7907 9542
7288 502
9888 8292
7116 7428
7778 6629
9213 6365
1589 1528
2311 8588
6422 3225
9722 9706
2301 1693
8523 3839
9182 8214
2358 1
2042 6382
2937 1531
5924 1807
2032 7394
99 9148
6404 7877
7359 5617
4242 8947
8726 8134
9118 6731
2941 8840
6437 6824
533 4960
663 9714
3174 3020
1298 6798
985 5816
8328 8490
7623 361
5885 7721
1091 2289
7180 8449
9488 3004
8979 8214
2720 8097
4945 5661
8519 1383
2485 9051
7924 4729
348 2681
7748 1645
1061 315
7461 9388
8805 5084
1331 4690
4387 2421
8560 1568
871 8048
4571 1432
7845 7291
9528 2790
4534 8047
5754 8600
8680 5261
3329 9027
7941 2659
673 9001
2974 8133
9971 3361
4799 1303
8050 9185
5305 6610
753 6175
6241 6906
9188 4086
5779 8716
8457 1895
8345 4212
2077 7025
9472 5405
7635 8995
9645 8307
9578 4201
8022 9549
7561 4403
852 7193
3588 7739
5386 5923
5496 1627
4411 4685
7294 1772
4983 5751
3666 3329
1545 5742
1936 1017
2729 1153
1594 3956
9459 1172
8157 9063
722 7300
5048 3155
6076 219
894 1462
6141 6390
4670 2134
1075 1964
3905 7639
9296 9152
968 842
6476 4486
3440 787
5638 5034
4742 6680
6205 4481
7325 8508
1782 2374
1664 9439
2592 4139
901 315
2111 7152
4030 4767
698 9516
2407 9993
8668 3374
2417 6726
9441 5857
7512 6662
891 2254
3342 8677
8317 2249
7186 1681
4622 432
1120 8795
6152 3602
692 8263
754 4721
3030 3033
4237 5436
4608 4487
393 7025
1213 1416
4464 8724
8077 5354
2561 1419
5613 878
5250 4381
2558 9871
4812 3677
250 965
8860 941
9227 9613
5662 3839
4228 1481
858 8835
5968 1250
7442 8762
2665 1906
7487 2325
8841 48
5325 4455
2507 575
8835 5064
447 5230
323 2278
6194 9182
3218 7003
378 462
2424 4605
1943 3281
5022 9492
6112 2465
8254 360
4370 5741
2684 3212
7370 8008
9248 1459
8583 9665
8104 612
4895 8426
2889 2671
9190 7688
1256 1150
8150 3680
7336 1675
8542 2359
1167 4655
4823 9420
5014 775
6744 7697
5568 5696
7287 6398
7155 7452
6064 5259
8063 2541
5268 2534
5212 6040
223 8049
7190 9954
1729 4526
1629 272
8466 2795
6508 4871
3797 1522
5646 2123
801 1214
9401 9669
7612 8138
7122 5258
4979 6767
7798 247
9301 4592
7869 1106
2642 6641
1060 5952
2749 2688
7805 1216
7064 5895
6086 2443
7416 1732
6148 9798
4528 7131
9468 3722
5269 6590
562 248
3357 9941
2077 4240
4534 9945
5345 8757
8168 6404
6291 917
674 5679
2132 9319
1574 9800
3345 573
3114 1075
371 9223
8205 9838
2945 3474
8010 5088
3721 2950
5030 7379
7189 9563
8906 4117
9902 7074
2103 6193
9573 2777
3454 1705
3678 5028
3087 7022
5600 6201
8096 5970
5424 6301
7391 9951
1357 6983
5039 6660
9932 1651
4039 8704
2796 2946
2821 2698
1602 4923
474 1175
9281 3927
4462 2960
8954 7548
1564 6136
5331 1243
2107 756
9125 1080
2289 483
8062 8909
7142 9577
561 2763
8281 3356
7290 1102
7636 8892
6024 8109
1649 5306
3618 6110
9847 4155
5241 1411
291 572
2653 2397
2909 3361
5058 5197
3843 3121
5689 2567
2698 6249
6911 979
1187 4202
3662 8822
4676 1268
8513 6324
6573 3714
2435 6420
7868 9257
9413 8158
9828 3648
2138 2738
7008 8777
9516 2433
1898 5205
6581 6177
3036 3493
8737 5805
7694 2399
6209 2370
3667 6305
276 1822
19 2710
9824 9468
3549 820
7626 3378
4467 1346
7697 3058
124 8795
7072 3603
5583 3654
9780 8618
8728 100
6005 8004
4081 2215
374 9329
8519 649
2733 120
4941 2557
9587 8489
4958 8795
3449 1008
142 2728
4065 1847
1524 2719
5449 7106
7954 6811
7306 6682
8493 3312
4686 2574
7108 6641
3485 7209
8872 6217
7328 3813
357 8497
3884 5314
7292 8915
6321 9015
1643 1968
862 3166
4687 7893
272 2641
6286 9160
906 4779
4054 5591
8934 1162
3815 2419
8370 2687
8636 7280
8081 8992
5777 3547
5888 3069
2462 2210
3667 4105
4177 6110
8852 446
5585 707
4669 1872
9866 5574
8232 3920
2747 8749
6663 8143
2750 5033
830 2968
3895 8910
3542 9671
2458 9430
4322 6501
3222 7988
606 8980
5681 1041
9426 1266
1747 5677
4719 3195
2833 4534
7114 7161
3283 5359
5305 7614
1974 6134
583 5868
6627 4124
5539 9084
3554 1443
5585 6775
1014 7773
5756 6694
8813 6764
9541 2142
2441 4261
5336 6855
8794 4032
4016 3659
9390 9320
1273 1364
5455 3437
8813 2082
7561 5934
2748 2697
7376 9914
1055 8389
9269 8392
6665 9664
6738 6207
1806 9178
2050 8723
7615 844
2755 1631
6084 3727
952 7356
6672 7988
794 5485
1652 9936
1419 4399
2633 378
5895 5269
349 5165
3661 7014
4829 399
4803 8217
1159 6852
6940 8773
9277 1278
1987 5361
5004 4520
4299 3259
2508 6674
8743 5741
6610 1745
1722 826
3704 7616
6094 4052
2781 1338
2648 9192
1736 7450
7409 4477
5884 4349
3250 5161
5626 6818
2104 2213
1338 6403
5471 3845
3077 5796
1168 1270
9122 2889
3677 2826
506 9770
6878 4868
2690 9525
4060 4426
8558 3051
485 4442
7400 5316
1186 4608
2135 3289
8402 3472
9691 5455
8899 4351
1252 67
7202 1956
2956 879
4782 3461
2231 1660
9910 4921
2767 3971
929 2907
8603 1413
8931 7585
6728 117
2194 8862
4987 2178
2335 6261
7633 2816
612 467
2882 7813
2422 7419
274 7203
2462 2504
445 2373
7424 4794
7925 8352
9282 6528
9764 8213
4114 6493
9911 7889
6937 4899
67 854
