777792 3728
13198 556511
486582 109264
678807 26237
926882 483302
699885 843521
458484 507985
671462 806541
573646 24730
351680 55945
681885 141596
928473 566101
550699 436006
185805 307450
680269 363655
492376 406598
744341 39664
531924 971528
46246 466782
611378 86572
169914 258985
964824 586743
83939 371501
494807 404647
376178 52311
771062 270805
224540 430441
131161 642286
182072 192396
584736 87546
184524 475712
978492 461329
577442 238542
3582 928112
679484 989405
916547 3660
233408 299162
545965 352580
967126 159719
324940 113383
712039 485287
593520 441289
951688 76630
171500 558627
800170 6560
62264 112653
83635 644938
491427 724696
724290 204973
531105 746758
803542 38779
237926 694125
397349 871637
809013 923469
610574 683369
335161 239196
691972 954737
813479 561259
906546 786543
132557 131296
429637 10353
676057 471654
76020 605138
729507 259037
853445 741666
276775 925249
175940 822906
495129 644471
688780 146013
42615 716140
906410 367443
503898 917366
719062 251800
703208 215679
732504 997895
527497 459853
41747 182243
388323 896944
818741 900677
674477 721109
992883 125845
381359 341468
729992 108222
710190 621375
687616 103707
411876 810701
776873 808932
229208 23730
763670 175032
725927 12118
996016 595065
129888 833150
421545 711107
342041 967783
453965 712346
598909 937012
517117 71228
655838 342192
346737 760929
5122 885198
57573 631675
440245 849772
530492 43637
196050 457772
379684 94992
820096 511321
824046 943766
702698 911612
435911 696108
830569 731535
137322 142716
380200 716395
953211 377438
828925 895747
208088 631728
692191 404979
663790 646339
963627 77212
759085 837191
701156 23732
457307 306080
522517 964028
513476 606007
304592 385845
492294 487799
860078 391344
761775 30602
422865 996349
976014 338760
58684 62236
540273 341732
286558 770425
310710 442055
572067 521857
96331 103475
927551 385853
716231 675783
440593 626828
751788 286455
350112 58873
829325 570443
179264 664615
882568 58285
707044 788035
443795 380839
292150 539802
40887 632447
784180 357479
813193 906801
519268 674807
519413 839659
462548 54754
104189 993504
352402 22176
723203 608969
907115 264009
736435 748056
927993 908522
847803 160699
470657 850278
813467 795666
566442 529890
863966 597041
692901 565350
578522 173098
418929 635932
387250 843181
873357 917315
877318 459295
996358 429569
166203 802076
272549 78258
664619 210244
185612 668274
975485 289264
372062 215703
61497 264543
742280 750179
184505 494729
500989 335057
404437 341800
132654 882494
338857 552116
454641 104585
72409 395337
352885 949270
561731 652362
887894 435463
360607 141539
251832 412248
698703 461377
15219 175957
53424 850435
79582 339325
730060 913082
136298 257516
215945 821032
869100 76774
774830 991649
195131 440874
486423 719097
416654 453049
93862 21445
638956 811457
558405 777974
216965 822994
143125 808084
799441 558632
413494 448685
789132 413571
332104 579692
137356 18218
615258 498304
480353 769898
897288 941746
309161 585422
51477 549577
584391 765172
788619 207469
784110 863555
287180 46529
215424 21583
614481 799557
222012 803812
287415 932099
503783 764389
4861 154671
54106 404174
499591 557534
750098 71439
557989 908
640805 294962
342761 952062
448503 126781
6457 213805
518953 306369
477267 118783
753830 380656
86922 407318
930470 252164
65429 30055
152563 759542
593642 674176
445825 17700
762740 385574
99739 501472
34645 522261
500536 977931
731790 391400
244302 861817
638040 726134
686468 639042
579461 812003
497820 837639
983947 657983
332023 930366
938140 633948
352332 993083
271363 43037
316002 679177
916168 421487
897222 376501
502459 116739
185690 550080
586764 233835
915867 212120
286746 247036
462071 615491
599566 812999
466116 73159
247743 999250
139892 767387
710772 519079
371180 778280
980657 937602
597991 345668
71360 168149
6155 853464
477214 635008
714601 128999
156797 549722
533176 781932
690840 674194
143586 406882
485957 349310
743312 576079
741793 115479
866145 550604
94441 41840
111695 29632
199287 511972
465685 154134
224043 195266
670271 764179
279661 796865
535685 429965
519300 245268
618616 495648
162218 784726
929162 782487
355901 803483
421024 2671
608912 191954
648723 162786
374577 413066
107224 13711
953319 917869
870479 758930
358201 99593
21391 538852
119176 114436
673427 548032
71436 608567
126438 762747
320814 893752
942366 116028
209476 621074
60941 928758
492072 265385
893282 695810
830109 237312
528140 571658
957237 984281
571824 571407
819275 757697
381531 65596
15267 674553
677719 778984
745785 280151
478356 955536
242766 771358
352338 767729
72216 395431
789026 255725
686597 285163
5308 557049
957004 89864
762039 597849
271319 377491
592247 440583
182427 236713
106944 818919
115283 498101
628900 955170
574422 704746
263903 38843
558875 548192
929228 237988
3354 988415
47067 844511
581629 562190
877871 582366
795395 699302
948703 628540
499621 609541
949639 571077
551094 154515
543845 993129
409513 990200
40236 168572
675762 21088
530033 612711
947265 203642
164443 597018
577458 575813
289807 394940
13974 659578
55680 975374
359090 548375
352058 894385
668340 861988
145392 841501
323081 528687
199130 343227
639434 297786
533050 20517
610161 656393
259578 746924
819086 130315
78526 444032
6616 665846
482530 86755
380947 416234
431567 221933
455523 472355
259340 560043
521868 706395
906674 55821
24786 286710
849706 603996
525894 872551
431648 637893
436082 369416
505592 330279
775581 362437
823223 90470
775408 635113
789636 95226
744272 474888
776132 604520
360965 978648
904421 24138
995931 286196
788148 261196
465056 445179
328670 855144
544340 192583
701094 858116
862281 256519
445421 830988
14009 470016
494896 905207
862786 791174
851371 198747
439576 101066
143951 485816
975523 763153
319670 492831
121293 78440
920504 466585
819331 392816
239408 733909
15415 824795
444110 854774
270124 597262
898078 955950
319345 399470
363342 106064
286721 383371
251603 933391
14756 724209
489925 507145
748073 774518
43086 348574
783426 983933
96117 745318
112515 907178
626256 825520
995159 695124
79378 424545
423500 480368
482814 493797
718631 960031
558322 267575
301664 264827
646987 455435
406769 198016
228961 933885
728456 396041
315726 520006
691519 533829
352140 856623
205751 949882
697597 979049
570408 327673
889726 837638
426059 586217
380000 950694
899184 189958
340526 847036
757321 746682
100472 741901
654677 24501
469667 784052
919276 963785
93797 469803
977995 122516
558585 409098
655912 864211
395073 174090
292521 97882
99030 462064
399926 753717
477262 679041
769240 981444
45810 68732
114905 314255
708003 141831
878952 155472
417427 91380
795519 527941
519984 778002
309185 963863
372726 484046
301184 538061
850115 525628
578424 269801
597504 132097
696469 192781
836114 304314
276869 450135
392209 337651
369775 854859
811038 32452
873941 687393
687103 338973
162410 667269
655173 453100
657651 457487
938934 228631
816413 557019
54956 176572
979482 24898
905077 786064
28857 624699
527521 891611
27102 415048
665801 399897
173095 362424
127547 963949
792373 525431
821907 993509
220935 61794
734754 56190
986974 277714
460972 835951
808649 367151
940798 901225
664282 359167
681854 766059
583267 332420
651382 675059
412102 473269
774702 697183
298872 440881
591785 524710
838614 112570
209001 983673
361601 230661
522187 378542
771082 42980
35741 687020
739751 514762
748248 128390
75203 379551
153588 681375
461207 972667
87086 761827
112272 144610
368117 979201
567015 453410
24274 215310
462957 872612
140314 58018
399027 924705
710051 669159
665214 717732
984281 812398
894504 868091
469985 582354
968128 259471
2356 628737
655237 398049
11011 1399
555415 888598
581935 9062
455972 899767
435217 713595
852023 92291
399920 809382
506004 466081
740233 205511
516055 589402
221091 957074
387519 186510
541124 626412
739884 950469
136274 987901
184724 486777
766454 58371
416205 257548
768437 748858
377734 185157
17366 530518
387006 278589
833834 969744
347313 208292
589795 909915
675065 492032
418105 773558
138249 529273
614694 367252
223217 585430
775931 913330
72067 921347
494572 39155
205679 337337
249304 17104
358433 534639
750886 253049
369437 128015
849722 392521
529957 32205
657016 131064
761106 405815
952143 301666
961742 296632
618350 290132
991193 547559
183895 233153
982959 548662
603192 606092
325033 933278
838546 98183
332763 572531
624231 22392
844201 837690
677702 954807
577473 962288
637465 742849
475943 623392
198994 782087
51966 838577
886217 379616
199076 40050
545429 638254
439141 963663
695811 206948
102493 537463
297810 435553
460886 682992
643930 906045
521404 708464
70544 979283
779919 577592
604426 218023
415766 90303
928414 910639
920489 840883
465207 715079
179090 909456
110278 2755
218853 166599
891990 348037
236627 223078
633328 704781
627869 766734
889090 44102
414435 925771
974773 257720
407554 53782
737966 156880
429348 307412
428506 984353
193883 164680
396804 803053
508869 94359
13482 23837
351933 728060
759074 761536
336472 933969
871628 126427
762476 538970
79071 511274
853374 642125
495988 861246
934377 522689
23459 542428
726460 837343
155399 518384
39922 757063
832038 600202
318598 716652
854108 505789
315868 621950
248443 438654
847112 563107
707330 662333
420336 995268
422727 823387
464973 594404
499032 167068
309833 423625
397979 159701
819081 96863
823580 226666
18699 155026
184149 224618
634613 753731
757923 522783
910175 42333
932999 50263
373329 708230
219554 811555
803528 257345
363613 402369
814729 649671
703535 24200
191484 747574
849424 808751
791930 460277
51953 423131
124683 672306
141204 220267
554645 910758
843013 529011
229391 647574
53685 837334
732928 22354
29130 903864
913317 369126
641342 843876
721609 352824
722244 100681
527072 353097
46029 524457
851418 931085
672312 190382
480136 114307
919360 392231
323666 457332
481579 65022
127519 907806
532816 493904
949848 854191
734558 54528
43240 317973
453043 137323
792882 628980
560168 515289
165653 143342
148055 6153
499993 333053
279486 651911
834980 928824
259170 637763
464563 410427
989301 923658
835790 760712
337832 701746
753865 670935
7918 984625
342052 125283
964986 117855
981398 34511
665721 914142
414154 982933
947175 179628
662539 239078
804374 920124
178222 782429
895287 450994
114892 876968
860689 486548
896092 372881
57340 179696
407206 226110
869377 163906
84350 42527
969696 706728
742867 729171
220497 912631
134583 131584
255608 76957
728373 512201
436256 226674
840016 92605
853661 740277
884431 158614
632305 801909
476434 544654
172389 742333
529109 394512
514038 651140
701909 578815
402357 533737
53002 965990
695381 153612
626955 703042
71746 579585
68159 364076
274081 176526
345151 192044
965924 111399
445982 485451
325987 650378
811908 296934
939171 733874
185045 157531
517859 741302
68957 474434
88400 232726
398689 266704
7708 817721
357552 986576
556914 901984
399865 551617
703500 528508
822248 247867
727350 786858
316692 518262
879841 961397
134090 74881
814714 905129
976105 446291
628180 989636
934418 974091
204892 151945
387921 373889
64387 186321
712029 754757
35239 979829
697384 290148
835446 210025
366821 285726
885444 557193
415643 513949
408765 919012
519660 439366
629655 669006
37735 607594
677073 572738
53746 71197
296878 988737
932495 736001
7315 36053
856201 501907
607329 671295
153861 3577
916671 703089
757045 551942
256466 539272
731596 282699
328378 301106
24675 50691
44234 752330
973695 706175
74298 267652
985513 498807
461874 424041
371013 1077
624876 68410
592499 292467
719822 345155
598121 740493
117162 608861
533900 739691
355290 353358
747190 485202
448511 503128
704021 767369
597890 929727
430707 395346
696256 834962
681396 581904
943755 450096
601976 261107
444367 819223
281755 932646
883757 998688
606824 193818
432772 821378
843520 647430
814569 890485
174391 25919
465265 336916
376737 935079
465990 682218
698130 362258
312772 267391
973651 96104
763806 297820
178758 121452
705059 816503
303988 333504
390086 590712
280659 961962
946070 10143
498968 409119
672176 283976
138153 118950
583490 380904
926339 312743
574939 890634
826461 856312
288941 768169
319950 862367
810834 772950
189315 646279
222930 776236
594918 7349
175412 15106
193159 89726
996371 565166
878676 863636
647001 801998
617481 44693
294192 821344
391612 25368
236264 673502
869625 51848
236702 188757
359763 464629
170137 256701
519639 95689
647863 28615
743818 834712
890383 898509
146165 698588
124396 539294
589471 182743
446889 502697
175486 221624
970169 618809
264166 556999
151444 958492
339240 42838
959848 379105
44385 564746
958114 318757
304608 701858
56678 984888
787381 837338
288892 103024
325716 970768
997440 642761
62113 973239
932438 626875
88660 431763
279896 740935
382441 222926
644155 858637
19797 976826
22738 707412
875818 551989
188088 381366
898321 514912
382644 383623
157675 821790
875245 629977
583748 694571
517970 820796
834850 187561
341507 608304
189985 176659
105832 171115
910416 398228
259522 328276
952876 55197
650120 820481
552992 319795
351118 792901
774286 319617
334886 298075
513918 737803
200866 840094
935717 887828
790277 244233
311966 667506
925701 19663
971297 884568
337968 983252
919695 959551
609928 546689
134245 540951
969125 789942
449942 135465
107782 361357
943272 440863
616925 290526
78830 489032
500352 668102
374973 688281
994054 456559
40187 188951
43916 83469
635382 502777
63874 547214
128963 324594
129030 875716
289161 209436
12013 753310
383050 55417
194250 169651
145271 835651
701284 954042
557493 831713
333892 769045
812591 643157
992962 195910
907242 611729
566748 523889
115999 781475
463662 667013
699210 924737
327978 481180
793880 822890
443790 714618
4690 912791
593149 428254
164791 361140
575219 726819
969876 586323
678915 706381
494251 34000
126315 726137
354568 849919
776784 128728
923357 510555
440862 862817
