17 170
469 936
763 975
416 431
735 824
623 781
411 518
681 840
149 396
272 630
5 977
651 886
271 281
76 688
119 728
840 964
221 871
385 484
348 712
375 626
171 416
186 979
96 618
149 513
896 974
347 741
27 849
10 603
489 962
414 670
454 969
410 850
97 264
34 295
105 522
77 870
122 686
495 771
115 703
58 444
422 617
475 897
310 923
57 106
196 412
206 231
137 389
383 964
95 661
301 497
764 778
588 628
135 666
593 659
237 489
656 918
516 806
354 493
99 934
656 887
28 453
660 826
69 272
435 987
188 909
30 39
56 189
154 220
142 872
274 724
233 389
381 606
115 823
337 768
680 933
21 291
25 237
740 743
80 466
334 444
629 711
109 198
77 868
98 242
706 764
672 882
417 630
569 764
422 672
118 395
534 707
919 977
402 512
286 861
714 766
444 841
547 763
813 926
94 978
534 627
111 774
54 757
623 707
836 957
502 648
242 808
581 633
111 114
412 696
256 615
174 417
207 513
424 646
497 913
94 675
349 903
441 727
410 599
38 759
596 866
332 625
243 505
648 821
590 738
486 559
526 753
33 120
331 500
229 723
281 767
670 714
135 962
118 209
487 592
811 933
885 997
467 858
286 426
346 385
105 779
563 634
250 859
607 649
305 789
10 216
166 823
297 712
695 709
189 590
311 513
384 814
333 454
69 578
125 599
322 849
235 507
334 594
5 429
12 57
492 700
664 766
305 909
149 875
206 527
278 769
374 558
494 941
356 699
147 523
197 243
149 451
559 837
238 786
470 753
490 890
494 701
484 845
120 330
102 574
577 996
891 974
872 956
627 658
379 501
491 923
510 655
466 713
607 812
389 730
523 709
407 1000
650 814
578 965
568 806
168 508
232 657
125 550
533 827
67 137
476 667
288 955
325 892
270 384
296 575
76 942
362 872
328 552
547 708
901 910
109 781
331 487
332 791
194 335
420 899
476 638
277 728
118 959
268 614
224 885
211 436
305 615
96 489
497 908
177 857
130 775
587 910
665 967
228 432
142 239
823 983
41 994
841 861
85 676
959 984
578 679
249 558
751 784
183 944
95 992
533 980
296 902
153 599
433 611
866 890
887 896
548 868
637 832
120 438
237 338
178 635
361 883
27 823
158 954
187 236
555 887
643 744
412 461
77 720
142 929
66 856
986 996
485 790
71 496
267 938
944 956
352 876
69 898
257 708
523 824
533 797
12 561
878 908
370 415
415 580
661 880
225 548
177 233
407 499
420 654
321 692
11 12
674 884
959 982
400 824
235 969
243 671
220 403
113 323
246 727
147 493
133 691
53 282
162 408
200 727
74 965
146 592
320 779
770 902
103 562
16 739
285 344
722 964
149 347
588 945
299 516
207 545
752 848
285 537
150 181
180 415
487 815
508 857
559 700
580 834
566 958
277 586
167 997
33 161
424 438
402 926
1 833
454 510
272 372
911 943
785 828
584 593
847 909
328 860
224 638
287 367
487 726
358 757
463 991
448 482
578 845
115 309
77 80
171 319
257 379
470 692
495 975
439 720
445 935
128 944
22 879
131 788
152 529
499 893
298 367
780 810
727 738
244 531
635 975
375 810
365 622
806 924
112 467
411 886
359 688
35 909
122 436
234 392
676 922
3 888
871 910
169 491
23 649
603 808
640 840
19 661
744 963
162 252
192 927
544 948
430 674
206 290
100 800
101 781
72 284
515 585
850 974
624 718
325 895
301 562
258 650
652 961
509 764
381 636
321 732
609 906
738 987
8 77
772 960
327 562
125 451
754 965
138 808
154 662
432 710
311 986
357 580
195 752
651 889
83 736
122 683
5 550
223 819
100 755
24 567
929 992
266 888
48 517
505 939
375 457
298 673
169 205
235 982
420 942
175 489
109 472
535 807
306 308
251 792
322 750
50 848
48 842
846 976
85 321
291 360
701 949
811 837
168 632
365 974
352 392
139 912
102 891
137 513
338 389
567 681
43 614
89 158
608 896
264 968
192 599
360 389
111 191
784 927
10 594
344 495
126 634
528 804
12 589
106 497
490 540
464 692
195 752
853 996
274 729
241 332
323 486
455 999
539 666
280 474
456 665
61 772
65 444
143 218
464 717
450 795
262 391
213 254
316 333
428 701
26 460
344 350
253 583
780 849
376 713
393 768
6 676
84 226
52 216
2 230
729 851
139 311
214 242
253 825
258 765
561 895
156 663
249 525
462 757
32 731
364 923
125 985
169 853
511 565
520 804
79 247
33 984
501 503
73 523
97 750
592 666
44 997
384 756
209 283
62 880
466 913
485 853
880 975
575 814
364 970
439 445
131 245
124 722
272 796
107 830
471 671
356 720
215 755
251 680
859 874
596 642
351 970
63 877
18 263
100 280
431 492
152 930
103 453
6 772
136 907
287 999
43 105
633 900
92 295
204 495
851 968
474 694
414 527
95 140
61 666
669 802
100 106
446 615
617 981
141 422
132 703
209 264
8 952
294 747
190 639
322 901
436 819
174 988
412 787
641 782
126 961
450 818
156 439
277 872
45 884
480 657
176 352
45 221
492 953
73 520
55 657
137 259
182 825
253 267
261 378
14 712
204 983
99 367
36 706
427 689
172 659
548 681
472 962
488 628
213 664
409 796
149 806
793 863
24 274
414 451
134 151
820 857
682 749
669 847
56 305
651 871
257 366
645 779
607 953
355 391
413 933
672 894
255 512
23 971
303 622
148 432
548 874
267 481
343 373
394 619
847 861
505 638
348 528
698 994
481 985
29 542
120 819
934 965
105 460
187 368
459 655
531 643
50 229
551 761
261 375
315 467
53 660
16 478
280 355
31 347
570 953
958 994
31 666
143 891
483 572
380 445
11 861
708 933
710 899
408 540
159 782
334 348
283 464
535 891
286 391
84 564
773 794
536 759
434 909
788 904
484 978
48 350
81 817
761 991
469 706
454 616
424 859
500 619
409 639
207 611
218 576
404 999
449 509
433 541
879 909
311 667
429 459
408 925
411 565
60 273
413 710
84 824
540 685
362 916
390 411
452 898
389 698
281 369
400 626
241 858
546 855
162 924
355 492
469 631
426 509
720 762
308 951
401 406
116 419
101 944
856 988
635 729
576 720
449 880
118 809
12 105
209 855
49 168
172 760
479 626
393 697
19 740
339 891
27 847
163 581
120 550
440 609
288 524
185 958
273 339
234 660
579 666
447 549
735 970
260 363
59 745
596 648
561 780
623 969
192 768
91 889
469 642
453 880
315 969
825 887
242 416
311 569
103 645
617 723
585 771
399 869
625 782
311 876
360 761
251 535
220 755
335 744
302 808
397 930
150 985
406 431
830 989
57 550
217 826
84 460
84 910
275 912
442 721
778 950
806 983
131 876
189 345
231 731
437 530
218 468
149 529
596 926
42 287
70 943
747 901
514 984
384 842
352 590
34 195
439 818
235 620
289 685
10 942
365 930
385 655
348 710
570 912
646 741
627 803
356 738
233 726
36 417
9 399
144 600
32 101
898 919
39 606
176 421
127 436
132 282
200 735
830 859
168 579
60 68
94 879
330 812
357 507
226 482
331 500
60 958
48 765
255 453
298 958
200 343
511 870
759 767
613 812
732 950
327 437
267 742
603 877
408 987
22 182
384 694
334 773
199 905
280 974
742 874
574 894
840 862
251 842
359 832
455 617
381 533
7 456
684 690
303 358
267 797
492 560
251 877
283 501
310 817
104 592
317 939
238 380
139 408
112 284
258 803
722 838
73 507
65 986
285 902
103 291
843 938
861 982
542 642
69 81
119 868
145 297
597 955
680 759
6 396
285 370
104 806
53 690
466 942
242 486
90 490
501 668
449 974
48 285
494 624
553 711
731 793
619 626
413 912
875 980
41 551
142 774
40 883
494 901
671 833
566 928
526 921
73 914
409 949
617 775
913 991
542 646
290 530
87 189
136 383
333 409
605 904
288 950
501 773
184 501
238 622
124 914
453 593
129 598
146 925
679 959
367 581
205 237
318 325
751 943
14 926
19 621
201 366
440 930
121 837
522 827
597 905
125 597
699 928
278 693
348 848
288 622
360 835
703 951
190 862
890 892
558 968
716 727
386 668
215 550
401 515
790 791
583 703
742 898
96 993
10 275
445 499
573 989
354 652
170 268
340 801
274 409
482 649
319 711
397 493
255 664
132 286
735 897
516 835
244 524
241 408
241 723
301 631
803 808
108 696
22 442
954 989
101 617
870 974
148 726
554 724
481 584
30 699
43 79
61 144
293 908
267 287
123 128
414 999
349 360
230 276
847 912
513 948
612 678
26 794
744 855
452 799
345 838
510 533
7 54
34 445
223 249
68 722
206 784
306 589
56 898
314 403
574 628
177 698
581 789
46 603
76 434
554 570
70 284
95 601
212 369
360 953
92 873
318 522
27 740
236 928
12 532
813 889
335 907
306 568
156 421
268 959
247 825
298 544
216 244
38 608
180 200
691 707
6 393
173 277
172 318
739 972
376 873
410 719
159 660
