22932 5690
196 2186
341 24337
44149 17421
39539 4395
13669 16077
19307 31455
48312 9930
10501 48558
12641 31735
22306 45017
12493 43425
42032 32052
21280 19154
2748 30560
4267 42031
2601 20814
10568 2941
45151 4716
36713 1041
9110 16733
17117 28416
48187 31781
4698 25039
30338 17338
6773 18995
28707 19265
28772 20738
17669 51
39892 20416
46962 10510
28798 49563
31324 39365
18855 26474
44080 5568
43866 3190
22300 27335
31605 36839
9115 2654
11877 5804
19992 18650
24799 15050
4266 3570
2139 21934
19972 42030
8701 16934
18892 37498
16496 215
26862 35350
43040 37294
7269 3257
40483 29569
30591 38439
32759 6057
41093 44635
11861 11084
29636 3011
42485 254
6580 44623
22187 42903
3005 47240
9836 21896
1089 42683
38462 27951
28033 31501
15244 35301
34757 22078
31221 31700
10516 13979
37756 1608
24966 15968
29043 20953
18978 21527
21206 41909
32502 43393
34812 35506
6984 44647
23753 8072
37330 12214
2374 31714
43714 33969
33366 44822
6046 30939
26521 16562
11269 30629
34521 36234
46596 13564
23539 31926
1442 44744
23834 33943
4488 8645
35800 11471
19644 9552
19543 23325
21765 38268
21390 31830
22237 4755
43004 44634
35693 35876
11195 13314
16504 12068
15899 29452
41983 39437
11377 43424
34181 35210
27367 38668
10207 29518
139 46202
39070 36033
19526 27186
24300 40915
9016 46536
12021 2019
41170 14066
37894 18716
27379 20750
47135 43277
201 39117
49066 27929
32541 33246
29490 26259
38265 39696
5776 4755
35897 11197
40787 21774
38383 31439
29040 47398
44326 41061
15768 1847
5126 20013
36915 48856
7114 34049
8484 23666
39518 7549
1594 22058
40794 31084
14668 45411
37131 36795
165 39380
47992 7304
11153 36374
38742 40193
123 33067
47605 32242
1266 19082
18606 38180
17937 25720
38580 26420
49385 28097
33969 17331
16506 41114
48414 31173
36524 1896
34320 3041
41275 32311
10344 18780
35036 49085
25324 35158
48503 22928
33751 16120
42009 2356
4299 26297
28075 9231
19068 43812
3679 3036
11142 20185
10502 25907
17709 13377
27802 2028
16417 35429
690 26760
4208 35725
42196 29531
37234 40699
18810 20984
23170 27170
23340 27469
3466 17766
3051 22533
11577 6729
41921 39070
26913 2422
14976 10974
32150 9130
13001 48567
44558 13691
41678 48765
15767 33874
44647 3001
40924 13456
23984 14093
40625 13675
7913 10442
31441 10963
32974 9369
34044 41246
48439 27308
10019 13414
38281 42169
22543 17634
7087 33452
47676 48764
32216 13442
32637 26862
16442 39912
6669 6778
4005 13645
20452 28269
24086 1892
5584 23412
27613 39627
14657 26051
33286 24676
5816 21567
16844 44711
5552 23930
28162 3227
39045 26730
16668 38034
19943 33110
27945 26612
39887 48301
40256 26690
42922 30694
44934 48505
4105 22546
4483 18761
14948 37768
9788 20763
25686 42983
31825 31237
16912 9987
34463 22309
3068 1131
10342 23010
592 4638
15973 6830
19291 6229
33519 12212
3274 44804
27068 7378
17349 31550
42490 32296
19317 2278
19411 45003
45260 1235
26239 28524
27573 27054
832 30640
44536 27525
20002 45127
32162 35974
18308 17804
8554 18178
30015 11827
12982 7082
19204 46682
38631 28046
45330 24300
30323 14740
35654 41934
32326 28244
20457 26251
5297 37640
23242 49832
31516 43243
11310 30030
29217 45969
47833 37770
14147 44200
15949 43480
1281 1504
40161 6264
29549 35490
46915 26223
16581 48920
18157 15259
27163 4965
41509 48812
8957 31102
14995 40472
24345 42657
36853 19913
38625 34686
24034 19123
28885 39982
12602 46517
41486 19115
19132 21034
20956 16046
47257 3889
14965 31765
19147 8480
3081 27007
23643 28389
8108 38637
35213 48804
47645 22065
18716 36270
23102 42750
5392 18338
32731 34346
14855 40568
3460 338
11602 40767
16384 25210
44655 47700
23326 30153
22531 42758
7159 46173
21147 31619
1162 6359
46774 48806
28423 15490
1427 1525
24591 6819
19862 23673
7516 1068
14241 10975
1406 42194
18093 34141
33755 12748
48192 7080
42900 37075
49837 16411
49599 37335
48029 760
43693 44802
15918 22116
26643 17344
39992 17585
40514 26205
7610 48029
43625 21850
25355 11382
30395 43448
11874 14149
22547 10065
37580 15446
13491 3768
31856 13090
41103 46236
13849 1147
41038 46118
23262 34032
13462 29605
1617 3975
5810 9226
18356 15786
47427 43710
27167 44173
3509 39040
8321 26055
15456 12252
41501 28947
16019 39708
42036 23473
35944 22236
24620 43333
18354 14233
43716 48167
10190 45332
18493 32351
20909 36848
48136 34687
46910 25302
28859 16770
14341 3531
42825 46148
15782 677
25094 48153
6736 33481
37977 42679
5717 12596
2363 40422
43181 46079
38588 3370
7762 7080
35720 45023
10280 207
29709 23541
25508 24920
40310 6200
28450 49486
2347 10584
16514 43793
25088 23250
27273 13064
32280 49341
42012 34643
39762 35192
30721 44701
4913 4834
1781 6984
49856 28412
7190 45917
1952 49049
20836 8613
21600 15637
8099 40298
42572 24612
34090 17659
14213 27715
30723 46493
27055 39086
47487 16817
24277 44559
11517 45541
49392 29649
18876 15600
24412 26065
11516 42715
41465 48703
1328 13064
14339 25778
3361 23263
16741 3803
40921 30954
31517 37995
43798 24923
27080 41284
41739 17708
2194 19608
13248 1585
15608 32123
17184 40020
24539 45051
32734 16003
43753 413
45418 24444
26190 48779
47706 9283
18933 4978
6588 16801
42973 385
41723 20052
8020 33462
37760 10213
19421 17359
28149 35028
49482 11685
25047 40372
6735 24133
6375 16840
24545 1792
41283 17087
16922 5340
42721 2206
10317 49308
19006 19641
16044 10729
39693 40415
10542 43804
627 29962
11162 45127
31341 26995
6811 6388
17367 29898
46872 23741
46737 37768
41884 4371
4854 25158
9710 47574
27363 36378
13233 46369
6019 29276
7097 12063
19690 33990
5866 36668
30303 33379
31795 11643
10374 4957
18030 27740
34854 31253
17832 47942
19021 26067
2312 40226
1224 28373
37800 28587
31103 17384
41307 3473
46660 14755
31887 32701
48744 37752
35721 29046
37482 17515
40688 47855
38823 25070
41946 40029
6322 9777
37970 41694
2196 6634
31920 3419
35006 36071
48357 32460
3454 39663
35932 16465
4417 17818
49166 3160
21921 34886
48557 9403
18752 39245
23609 7574
30666 15555
13954 3339
41683 1924
45033 43878
24909 26952
13649 26266
13022 12005
8726 16475
1668 11009
32940 6084
28827 48457
25596 17099
49694 24152
42853 18445
29748 16462
42370 10413
48368 6324
13752 6402
24599 25136
16632 49507
2087 30280
25772 31460
8636 849
14286 10303
11858 13577
32739 40684
12033 24686
24134 11726
48837 16987
46522 44937
49800 38892
5349 48167
11567 35452
4568 36165
26939 21199
2023 29025
17830 44146
26836 26466
44995 41122
3120 6852
4698 35858
13887 33083
26895 38020
44808 25732
5006 41330
37020 4805
46573 42368
19323 8139
44172 40243
10655 21110
27793 29029
16487 45623
23174 43322
38440 18168
34443 41559
41371 5493
43769 5257
38575 20663
43277 49734
12746 14634
41063 49765
35791 3987
8485 5113
28477 19008
45355 39131
40117 39500
34511 22955
35122 7685
16277 23561
42204 17071
15119 33575
22563 25239
38831 27489
45902 32107
27223 24999
13093 34637
24764 48883
38624 33248
20347 17100
2255 32054
22583 8723
21553 7093
31678 6674
14777 14306
46586 23333
47728 28056
6907 36643
3295 45737
14131 15548
44196 41353
40546 7288
42342 15309
22522 30965
14908 42868
14416 33514
24921 36998
8589 46473
10443 6618
19498 25219
20923 16083
14903 18650
44139 21809
21644 13785
33898 35775
29332 28093
43479 19877
1732 35820
1538 24253
33136 16445
33472 47552
16311 8393
901 24899
21217 11343
31516 40715
36562 18790
23149 17816
3791 33639
39625 25435
47423 23522
11209 26754
17966 21039
46631 36049
23211 48168
26653 6346
30964 10124
3897 47274
34868 4798
38524 22437
16140 20039
29503 19053
38828 2651
36869 8971
36290 42845
34405 64
32718 11965
26818 683
33003 23448
3083 6213
37967 29735
12559 18930
6210 32807
32556 7430
3956 21079
29866 36448
7470 25720
5500 46297
28370 8720
21619 31011
1564 6023
47427 633
17987 24244
17667 17342
14043 20749
23554 2009
16835 2464
37290 23045
35271 19845
46826 5578
40924 26691
42025 48393
2410 47525
11041 47131
22596 49012
44494 40512
5034 41920
41144 23021
32515 8811
6714 46557
45911 30267
14917 12746
49083 2206
2142 705
38403 48967
6282 45678
42009 48307
10422 10770
12183 37814
24252 1130
36825 18745
41641 41859
27016 49137
31231 9530
24299 37944
22438 20209
34562 37354
49306 33644
5912 1447
34348 44314
413 6982
39991 8773
21640 16764
19542 33822
4577 43794
1303 41402
28890 42944
33260 22258
8432 30842
48139 32730
35137 20577
19290 19698
24282 18596
19694 30193
20042 4041
40858 36807
27374 47200
45579 49013
13963 31473
49186 18540
25266 489
26293 20507
43432 25904
42764 18215
6745 40903
17296 41881
11479 36585
27930 2112
5180 47623
32305 41574
18016 39514
44732 45389
36714 40310
44402 17028
21782 43587
1919 13399
44075 28211
33906 3858
4114 26669
38424 27210
33923 5719
19090 11753
42304 47020
13865 13835
10994 12521
21760 29009
2034 16491
24398 5099
23153 35151
38479 11286
28737 40397
24685 39164
18608 24942
9373 39073
17962 47797
16283 1885
19867 1724
13637 12170
48743 43853
42357 26089
6373 14116
5097 24759
46959 29494
46209 36463
30996 34687
47748 26085
41436 38784
15248 10043
13725 40972
15467 48039
5120 31749
49923 24987
33473 29911
3508 48567
23764 45864
24655 46488
26332 29752
37598 39642
25597 159
26104 6593
34845 23851
32677 26280
12635 14276
2674 42711
21599 18141
40749 26719
16241 7023
1705 49713
3286 21564
14632 27049
17428 5638
39888 10111
1741 27486
49752 27338
27644 25855
282 28840
16057 49310
21472 45043
29937 40497
4106 17887
24989 11206
44605 41230
18229 12661
7294 21514
34225 38277
14914 18004
43915 21153
44466 45655
48638 44217
39344 42633
36423 5977
37825 18831
21638 25648
13874 1574
16144 17979
19461 41133
45536 30417
48714 13764
43078 22359
1629 43654
10636 32894
28009 4550
4047 22474
16556 19036
33042 5900
28021 35816
28228 15845
4646 49866
41492 34871
1439 23987
19201 37251
31471 14737
34020 30184
44852 43449
2543 12833
37102 29530
45726 31462
431 16124
20287 16986
35160 19680
39237 13180
5495 17465
45376 26492
33682 3219
27715 1472
27205 13267
38723 8676
28003 22742
5211 39207
16190 24105
18391 19643
3634 30468
17456 4064
46592 37742
37402 48103
7421 26638
27634 29267
10454 39361
22110 44135
42579 49824
45607 36135
13091 681
44810 7445
39774 16373
13003 22315
40477 31393
41957 10463
11861 25764
14526 24804
13505 1927
22906 37277
44917 16891
16543 21722
6251 5004
15857 48829
4828 27815
1315 34270
28495 46125
8066 34620
28849 21069
6934 19325
18813 48890
46139 30673
24653 10665
21828 4509
28943 11085
41785 40211
27975 24679
11933 577
29682 44141
49405 861
21955 720
1482 16801
13196 9548
1420 8396
46968 8353
44072 15780
23594 40211
12805 14598
17227 34632
35458 12521
12069 43594
2732 40043
18272 31016
40620 14305
25156 6376
31518 13462
23447 32999
46614 2994
8898 48033
11389 5865
22737 21813
37997 12682
12023 801
43631 29249
1784 29088
41769 30204
39033 10852
20247 7304
41867 27218
37960 33374
49945 19477
13187 39744
18828 9800
42737 27725
24184 20478
49942 13272
42290 4290
25953 4312
21442 35935
49912 39577
31374 8032
19781 20406
18884 6379
27709 27102
49948 32021
10476 49892
17849 23662
39635 36676
49814 48724
30753 23997
19201 47046
37269 27842
1335 13221
48505 22776
15508 48416
12352 46881
6447 48484
17287 41682
4862 11347
18784 4809
43367 45611
4701 11216
35624 10687
14243 35437
25762 11347
9434 44962
8392 46702
39155 26078
26274 37659
15205 8133
36074 43909
5014 8873
42392 22300
16906 47254
33646 35689
18414 43365
47651 39466
20932 33275
153 1526
18711 25914
12873 44496
37228 37616
7549 42734
30046 175
30393 45250
8307 32818
5510 13320
8042 47902
1971 24948
11507 1969
26988 29920
45333 24639
35738 16264
24265 35890
34141 9327
28155 47013
3823 31734
981 27723
24468 31026
27897 21212
42627 36204
4029 48137
15875 12071
12390 17846
37018 23896
19814 30357
20167 31498
4995 5904
14113 29259
8145 48253
38586 2652
11618 8760
737 12598
36482 25204
43623 14379
12767 36249
16934 16796
34385 49160
