1 10
100 200
201 210
900 1000
338875 204623
128130 897845
338108 746233
290082 119186
874302 793734
226528 816698
627863 985289
901669 451808
658189 546383
800700 115075
148670 914692
420432 683421
906920 318747
520934 658192
464978 453303
229091 748525
890640 31833
125370 559018
453792 474030
223372 791550
371614 85952
447304 774580
502020 458506
198177 916697
848863 482680
24894 637963
317252 846485
425550 966037
357766 614154
964317 120696
593798 924664
474318 50614
963471 810963
933508 479984
679399 778262
385339 902860
352979 329756
983047 92318
98932 95174
273536 963208
660355 285169
498653 226473
77757 3213
999485 138287
587596 62627
707228 683374
386356 493615
471351 640277
255993 708060
549696 232885
641927 294088
695228 517218
818075 57893
877110 36415
450882 535919
876336 53174
130274 178312
489976 928479
378042 245133
457799 883091
955789 5083
442863 308646
144787 340171
452648 616047
746135 973353
955612 360868
33183 271918
486400 358009
749981 390867
899413 400117
927029 663913
65717 779726
456115 860894
606116 531439
803773 317022
757936 701814
307780 340595
810832 894839
726320 69583
787189 970588
726578 773213
932076 231279
922619 810373
661225 113859
956621 756143
799822 178866
393221 697418
368373 791803
909807 770611
630640 100037
275778 255040
522900 933200
82440 653431
641957 552357
456104 273651
445893 763968
518739 445853
826130 338838
789618 526381
663578 74981
141737 926451
654032 753610
34101 672959
747809 544791
310793 350507
292140 205724
311144 404744
168726 751366
908872 957747
72443 430207
342487 969636
96834 144137
349871 618699
199579 952591
26157 712222
211327 51407
59017 832391
73708 76030
501783 309061
542541 612252
550719 48557
243282 763862
668167 900393
788351 434302
700642 727651
101990 188171
968908 477039
270764 212196
965472 24657
740619 118699
312767 765536
616850 168022
522353 995172
66438 54526
585116 749257
353213 36508
303770 973772
348641 577315
933356 67645
475902 688122
446115 616748
216240 731667
632710 221787
816785 5069
919037 234649
99421 235943
875034 932896
288897 331978
658365 43728
163699 394468
844885 426859
836736 706394
580784 122501
967087 553525
671479 815402
790039 602131
274398 943020
328194 680891
243506 781088
994727 310878
321408 24162
909084 327987
635062 708414
815616 554564
84065 279955
56916 332147
536136 448716
516235 351192
506011 95336
772403 382991
813810 716997
195066 903193
382337 587865
237022 402956
971071 536170
496259 65397
130800 596898
58000 954036
708197 305391
91616 822375
641633 251708
392888 917197
183845 70635
576745 547142
39051 894613
126542 815624
55762 130752
37164 511002
678429 391651
874668 822451
54834 53306
974982 379473
926415 851045
423127 945620
211534 750806
382253 270280
433964 695851
102415 666236
443303 952271
173252 556720
128688 590554
835048 388218
985308 579679
104782 794006
950331 522796
155978 431757
282624 133033
670713 154042
208393 552172
639318 455051
293533 500110
143267 330012
689411 249087
536728 76449
34594 448235
106714 943944
932745 398742
612036 787504
785072 388090
919719 315360
613723 891100
689926 868851
855566 757525
24677 576781
325552 57913
232034 431488
672793 160951
188020 80003
711843 559090
632732 919174
448480 157862
898115 561992
804619 487816
265961 676094
849440 880998
416502 602271
668557 274913
880022 699560
236969 929963
285668 748293
990564 146949
212629 215805
302147 909190
719367 505919
909403 692388
709140 87691
638351 630667
472943 52060
710519 814308
300223 652170
329556 947814
296174 64767
456708 356134
119407 141492
92076 447244
77983 750239
689424 571803
790766 863450
725138 582112
88221 409082
674917 310214
298451 346401
956820 601665
231787 122957
654891 682188
598938 435808
130724 694873
831764 330346
672488 99219
704205 18645
980443 358208
137645 352962
686438 268190
716432 125558
86294 464160
96288 38558
97804 547069
499312 708261
522226 399497
300063 822099
216923 964696
912280 612692
812120 336646
548329 827121
283297 6408
239195 767267
699244 448718
395946 681380
571277 832986
478847 660351
723140 751211
963075 880476
703896 859534
918491 171658
488804 741554
289685 235572
464917 240305
769748 884240
289776 638639
738734 808251
432003 187314
165222 317840
776778 984132
833851 831894
365729 712913
324781 767971
390804 944329
229352 879989
701299 757741
38276 197000
957154 646201
605791 584944
327524 145984
436884 3677
967553 205704
862223 625710
735647 430276
468518 252415
39504 611339
44205 77509
425230 339509
868497 800084
774271 235874
215505 18079
440129 142119
121959 603814
22070 527941
84541 222403
604073 6822
582154 856410
617453 497530
918777 236258
533246 842272
142006 424085
975521 851531
173757 955942
757123 821184
538097 233105
348389 806517
346394 317461
735786 812088
743672 3764
180661 853350
857594 468795
295973 805292
579863 495252
946547 466830
38246 800626
57488 650831
753262 424543
537591 489719
522599 524593
242644 475899
547583 419729
740294 718783
613644 208639
916605 462586
661244 740514
782459 40173
97604 929482
812428 438479
302926 999247
899795 244297
21324 984877
315084 607921
800814 959267
600247 795481
549982 448847
75817 40954
361547 739069
47554 480314
195316 889770
422728 309045
614131 539814
972180 832161
26332 877191
366137 342251
713473 116604
423549 609389
167444 88395
636621 444175
864196 452774
347132 734690
801595 45637
586166 74551
148987 810500
245908 557005
916087 551888
550532 964627
587759 58945
30695 102346
914880 534524
784938 712742
950299 987950
634658 943577
124494 55660
120599 980920
593399 471167
242833 485713
247362 375747
798839 748928
837821 681731
954983 658512
85488 43231
234394 904191
387374 460029
40076 144075
626591 277198
313394 331406
362911 212476
49991 594782
372633 379504
841880 211284
975803 880062
841587 722025
818693 502357
732750 231060
159063 443764
480005 583406
691221 835322
379521 880910
440751 236671
179081 768419
63894 572789
989140 423868
251964 220381
974116 567780
165132 967771
146059 223542
348582 119946
193149 970739
483056 443063
55700 900196
704875 431805
233148 144646
328400 441040
806940 429019
586781 640087
472334 97604
830468 273255
955642 448189
751339 591590
405706 388272
941746 353871
281296 733887
488076 867364
632363 594341
586114 668825
355663 195468
385174 179062
99850 479949
886865 687909
289345 440934
477780 171568
699947 351648
999738 528214
904677 209871
643288 6585
351925 748116
379807 368608
871838 97507
224309 973540
983875 50004
112215 171703
587419 288189
253555 86223
956083 141420
418356 384159
416817 200220
524182 245856
254421 86057
262330 916722
699653 94829
757033 48391
799913 225759
344739 309678
263633 100234
294622 460978
943557 282242
853550 910877
298340 736486
721699 846089
865880 133000
518817 85467
453660 314391
554775 600250
499269 170925
488280 702837
666354 325074
455538 814424
819814 173820
500108 813703
451013 324533
354716 471672
177371 126705
772104 614993
930680 769933
157471 594158
733332 249959
190065 742237
690370 785758
803393 467179
167586 382068
344309 745862
547687 163285
716597 817161
577939 234599
28653 143706
679745 435450
113921 621726
491247 172026
418874 996897
171173 382450
385005 579792
870366 548834
664655 112104
360682 62910
759738 943777
566946 868678
578909 275982
389822 108495
425743 665663
742913 171273
857396 637773
946323 10689
240035 764240
627178 361514
258717 264887
998142 227730
804781 634921
243009 764058
857488 228695
934832 266352
396302 731426
422241 345770
431638 430423
481999 601351
285394 577021
375600 994203
376775 327484
851755 627614
564083 351704
490356 605044
328826 876462
67986 976155
82822 963628
23561 783124
931239 639219
548675 955279
65810 859588
174402 757129
288388 451249
250463 405877
601839 849392
66972 109662
174839 840520
287239 256025
932404 417258
280122 826047
346338 969939
919993 689489
659390 423406
161153 225186
968502 493616
585014 246348
606212 86154
985446 408214
446548 869254
432324 358011
873550 742609
499250 221065
645920 118404
577468 475651
542748 975324
784526 884978
844611 451439
14717 628622
261481 835870
24429 546637
836705 960760
534694 267909
740329 781308
964870 700260
492441 376857
940144 472315
198835 923568
748449 312543
210831 761155
392517 561995
175166 37340
359646 949578
779392 849316
587518 436358
308279 193116
862836 127817
384931 899293
440499 961556
654985 617372
168354 159530
95473 492602
784889 49058
871276 442657
37117 496912
517104 679515
354396 935152
785691 937481
98893 448099
584894 373975
499150 489670
400337 165678
890145 405332
511445 826532
989397 568269
59798 794597
532210 720907
650659 625973
700615 544654
484223 668101
783126 789497
379948 218483
519799 533276
993689 613208
884206 133743
272941 478553
116097 243675
964110 231625
316270 145643
912640 717648
507514 950322
660546 695953
203449 51853
676383 735545
331018 748245
782182 872938
870556 145499
639907 821370
79999 711113
865066 547775
548079 730417
694130 225855
250766 754870
332755 234937
888707 20025
68162 127563
482628 217371
840419 272874
536528 111784
301467 301069
32761 701402
494818 492344
155394 425332
230596 568837
126222 453313
339708 680553
217795 376596
437428 77634
373567 109193
230298 503871
884293 444318
542705 619951
150853 442373
600307 124324
968607 792508
382098 658144
501064 160055
257104 904043
54365 355425
784751 248207
861009 240692
885084 274765
875062 798806
187893 177827
198867 620630
771149 242527
187924 113435
578142 328591
363327 346972
857095 943570
143072 283629
830070 465694
311143 101300
916864 561052
731305 378442
297418 694846
27357 274213
643972 454697
965331 888359
895260 289324
323261 331994
124212 278173
239213 675064
985854 547381
451011 58216
948963 811258
871573 968882
605654 441593
657095 946192
781796 447104
717630 811585
839616 191487
57251 225139
903253 453965
724554 123701
195155 241655
319446 269496
372358 604140
938903 364891
589609 328085
435050 640790
648977 659824
201917 689223
351362 520611
134225 600079
305263 994562
256440 398914
514467 349495
631324 361862
893805 52650
962591 440091
921772 354820
927416 285204
256747 199556
847525 19933
495871 317479
388992 887674
814091 335778
352403 787136
129766 562858
597092 831659
553597 948291
627429 230568
751719 945701
707299 546621
648279 838960
80415 849188
714111 603963
810992 425
876084 338257
938766 326551
325326 781680
642033 227682
656253 666050
704383 91560
618771 829580
511839 924204
29853 666307
291474 465830
180288 272121
324741 617919
76147 360255
32195 283523
70955 567993
333492 622233
145116 383823
109675 869195
323004 485125
442212 520696
459494 470627
103798 453312
909016 6394
812026 81140
216113 30731
524765 243411
442454 764260
432929 55451
409111 755968
686387 883973
463593 870318
251261 52950
110882 61626
248208 404680
826103 198480
914191 438180
872154 333142
468621 442346
66743 138518
278248 108564
575885 104709
912300 32582
681363 892302
494360 145379
551755 760234
764720 796044
749487 264628
857750 711838
697097 164962
760904 783025
164389 782323
210444 890734
669248 305509
80280 42197
43067 770592
436593 116696
381825 92550
190011 117499
86299 3903
625605 769961
456086 515484
5927 889736
457424 226923
665438 262617
724044 785401
960968 258722
788687 697027
118534 978747
886902 138806
110249 444343
583772 554840
217276 38390
909485 384667
632418 593353
738645 951388
359989 155196
601802 76756
636759 245329
805433 754514
234683 20746
33579 205717
630100 262768
957262 543859
640860 36184
593742 881807
300318 565310
353397 327818
372921 364818
617585 295142
449260 317121
996070 36967
686263 183326
951621 92077
256613 858016
536399 24867
571366 148751
335344 458677
735118 268520
863762 564426
935767 894866
291273 555145
209728 475996
526829 485948
978821 819317
273462 648221
707571 327754
492301 855392
413576 261884
379448 59928
4669 259477
279612 338606
213272 776411
561978 562130
315972 91581
606478 681390
450353 722523
71970 540826
136622 855074
119594 634738
989709 695564
293426 615096
979408 591724
801384 92502
331971 13034
971443 809773
306666 855176
265002 558381
490769 868014
345974 900262
887123 990798
61328 366471
615401 220508
562873 172977
931457 993467
83456 97280
936124 674386
233114 892701
484032 790512
672328 639023
776668 970568
202707 678941
572666 171140
149441 290132
805584 208184
479340 183352
239186 562445
894813 440387
641666 63824
438757 557130
80367 673473
302830 20315
328684 470929
286760 643036
319127 238099
266274 783415
883942 489116
179634 534000
314999 533413
216003 810257
75304 522236
380883 627846
394963 131588
771540 281957
819469 215105
454368 147866
626293 904932
428576 126203
816119 704430
337167 11605
978239 588070
161092 970832
810223 795366
575651 302787
538467 951356
881951 924772
853462 422587
781820 179992
46296 997316
794524 286575
680648 377694
473986 345009
212117 854878
602044 970706
657776 267284
10818 963455
127726 912860
136001 655682
244967 309946
284505 103556
925248 501542
159713 815268
171410 467155
356114 232301
675200 353201
863375 586125
539993 655638
558946 212212
717927 365328
383518 764013
866009 638020
517899 131581
352858 456452
928186 733298
641563 488340
286645 567969
886494 598398
738184 484405
724573 335943
317174 164527
507029 125137
515857 362293
767201 247406
938273 191357
321942 787132
375744 508233
341806 680229
7960 305752
390992 526599
458612 846750
871258 110975
857703 973767
525046 180582
460135 799012
578060 674147
802943 248010
143021 977614
699591 695594
363104 686642
620467 906840
791526 932372
313196 287301
35400 921970
287701 146392
666978 778350
965403 280661
422307 204589
299139 845083
113351 207399
299657 867777
631056 764632
751756 864770
20154 380912
993092 19917
981302 321672
552058 598632
560363 996450
654908 617799
672321 132304
479434 983699
532427 545138
722634 592682
414385 166920
401993 103376
824313 2462
954231 395941
417201 789295
6105 140026
239848 879574
683768 168368
673149 954627
578285 788240
985166 287966
191216 964795
